998
27
378
25
50
280
34
402
694
355
379
845
715
279
696
898
660
60
785
209
354
75
925
141
400
703
106
405
17
128
846
848
12
476
716
782
208
246
80
164
18
804
524
673
838
40
162
903
666
165
537
927
681
811
513
419
460
422
645
954
276
227
364
588
46
372
393
322
299
559
383
893
309
915
519
840
36
347
605
477
856
54
853
281
479
472
632
627
951
113
64
44
184
70
976
523
69
911
996
328
147
302
933
210
567
249
766
211
15
676
754
663
167
730
965
450
773
303
986
852
535
225
977
749
637
428
598
746
711
806
794
876
105
125
444
851
151
667
824
891
707
870
411
285
119
429
254
509
193
173
970
183
753
317
762
31
268
501
540
752
482
321
843
862
931
701
582
622
928
721
415
100
679
431
748
469
158
416
909
96
745
47
959
662
178
983
489
837
205
449
197
308
349
989
300
52
542
981
41
692
232
858
699
940
2
731
494
530
221
926
779
657
65
338
207
382
518
473
293
86
432
215
182
88
241
942
435
433
248
373
651
555
258
614
480
642
471
947
580
297
156
727
122
606
334
73
129
880
62
831
562
714
687
665
938
736
367
499
966
702
7
836
115
497
59
790
265
294
574
97
463
235
957
451
781
180
135
53
187
561
63
83
426
406
467
287
143
686
291
212
133
630
641
882
734
493
765
953
541
310
693
121
418
639
192
140
252
111
609
777
327
616
929
190
409
608
120
890
229
565
515
318
434
900
920
350
71
272
514
123
547
828
724
595
963
960
240
771
369
413
755
220
304
759
174
768
813
962
842
855
849
148
573
363
839
247
331
923
43
644
505
988
664
549
500
810
474
741
446
689
58
631
93
454
885
979
548
832
102
568
1
316
684
155
578
607
763
94
894
577
728
659
239
857
242
130
628
698
594
194
377
250
388
326
375
13
961
199
980
124
104
56
407
803
510
408
131
266
195
315
584
560
656
743
710
551
821
289
863
442
591
740
332
231
8
16
325
298
801
864
244
403
949
815
464
414
833
270
362
729
571
865
709
935
654
237
717
798
612
14
261
688
30
742
506
760
340
680
11
796
356
658
944
201
873
166
176
521
872
440
81
995
669
127
545
596
387
245
528
228
860
108
87
761
557
348
91
913
262
496
217
19
392
132
109
834
629
751
726
443
77
85
791
311
964
704
314
809
902
918
301
805
825
371
196
705
969
991
142
267
410
520
603
646
397
869
441
683
875
230
564
967
800
223
786
177
213
847
389
22
830
305
447
222
914
615
886
904
695
251
948
366
602
394
458
353
987
512
324
144
610
600
877
376
526
922
997
114
189
776
461
737
563
365
758
399
126
346
604
214
532
507
808
601
527
887
218
668
879
112
259
930
525
908
490
417
51
884
384
587
652
92
554
263
385
336
974
950
1000
570
368
313
503
649
985
319
466
889
992
329
117
238
589
269
968
38
566
818
770
682
941
575
171
154
738
72
412
952
84
618
110
899
45
906
774
827
206
661
936
191
478
516
640
273
456
543
233
517
48
569
850
691
946
581
504
437
468
958
871
522
892
10
816
835
700
278
32
993
427
718
381
161
357
49
778
341
912
452
74
290
312
901
9
592
599
370
398
89
236
868
67
812
90
282
345
436
292
391
822
792
271
624
296
623
487
42
459
722
134
359
486
498
401
320
750
343
558
157
636
690
907
374
650
775
643
819
396
583
793
675
20
585
823
481
739
764
921
874
647
978
457
169
735
430
380
295
352
200
859
854
234
720
888
536
723
483
462
5
546
95
671
116
404
358
78
152
277
57
672
159
149
204
956
597
619
37
39
697
732
243
883
153
342
861
448
655
670
787
780
257
802
6
323
4
168
544
531
844
103
216
994
896
198
789
421
945
488
553
511
881
934
767
491
98
163
919
826
160
335
172
425
260
814
971
552
175
817
973
99
361
150
66
203
685
395
61
534
613
932
55
617
708
453
21
590
101
23
572
784
799
485
719
529
484
390
638
772
955
820
648
470
423
943
0
224
829
306
138
179
984
611
219
910
492
28
188
118
439
706
360
256
420
593
137
136
556
145
344
538
226
867
288
916
713
757
29
674
33
253
255
3
307
495
733
999
181
286
337
26
579
972
975
725
895
202
333
445
76
586
82
539
939
878
744
677
465
139
990
275
550
185
475
424
634
626
264
625
866
797
788
186
146
79
68
905
841
756
107
35
621
455
897
330
653
769
917
502
351
508
284
438
783
274
620
283
924
533
678
576
807
339
747
24
795
633
712
386
170
937
635
