23
21
25
127
126
151
161
187
170
169
166
165
164
163
180
149
138
256
255
254
233
232
235
231
236
253
252
262
134
155
157
114
116
40
33
31
26
27
90
93
96
97
92
44
39
37
35
34
118
156
177
179
182
181
158
119
120
60
41
59
62
66
72
74
73
76
79
106
178
251
228
223
222
221
220
217
214
211
207
264
263
130
129
30
29
61
85
64
67
53
38
32
124
18
17
13
7
6
8
276
4
277
258
257
261
135
183
168
95
94
98
101
100
99
188
202
203
219
218
216
215
204
269
131
19
20
128
154
150
162
172
51
50
52
55
43
63
84
83
82
87
80
88
112
86
65
71
91
102
104
171
56
45
46
54
68
69
70
192
144
145
147
133
132
153
113
110
109
107
108
103
89
167
189
193
196
143
142
267
16
271
15
270
14
12
11
275
5
3
239
243
242
240
241
244
230
249
246
274
22
24
28
123
152
146
200
195
197
198
199
226
227
245
238
237
234
225
224
213
212
57
58
111
81
78
77
75
115
105
194
201
140
139
265
137
266
136
159
160
173
174
184
186
175
176
125
122
121
36
48
49
47
42
117
141
210
206
205
191
190
185
148
268
260
259
278
2
279
1
0
247
248
208
209
250
229
273
272
9
