52
0 
666 0 
281 649 0 
396 1047 604 0 
291 945 509 104 0 
326 978 543 70 35 0 
641 45 611 1026 924 957 0 
427 956 308 525 471 492 918 0 
600 1135 486 611 584 596 1096 183 0 
561 1133 487 534 513 523 1096 180 83 0 
1041 1639 1267 663 761 726 1627 1145 1166 1083 0 
655 1259 891 294 382 349 1245 812 874 792 387 0 
975 1440 1248 711 769 744 1440 1234 1317 1237 443 452 0 
1121 1516 1400 897 944 923 1522 1414 1507 1428 620 653 206 0 
299 958 505 100 25 40 935 453 561 490 762 388 784 962 0 
260 724 537 384 309 329 714 661 818 764 915 538 759 884 332 0 
430 495 217 800 700 735 451 507 670 686 1461 1078 1400 1534 700 651 0 
162 595 135 532 430 466 562 381 565 548 1190 807 1137 1281 432 408 272 0 
305 843 207 475 401 428 807 126 308 291 1124 769 1169 1341 388 549 421 258 0 
210 564 441 501 407 435 552 636 810 770 1076 694 920 1035 425 165 512 306 512 0 
287 392 289 681 577 612 362 580 763 751 1314 927 1195 1313 586 435 253 205 461 279 0 
46 636 241 437 332 368 609 415 593 560 1086 700 1020 1165 339 297 383 116 290 224 251 0 
181 510 361 538 437 469 491 587 767 735 1144 758 1008 1127 451 249 418 229 461 94 187 175 0 
275 922 506 125 32 57 901 487 606 538 770 388 760 931 56 278 691 420 410 378 558 318 412 0 
410 1029 653 109 150 124 1012 616 714 639 631 245 620 799 164 326 834 563 551 467 685 455 522 147 0 
729 1192 1006 516 552 533 1190 1023 1126 1050 541 335 254 396 571 506 1149 890 945 666 941 774 754 537 412 0 
799 1302 1068 527 584 559 1298 1049 1135 1055 417 283 185 374 599 598 1226 960 985 762 1031 844 846 576 435 126 0 
707 1244 970 417 479 452 1237 941 1024 945 418 182 294 484 492 526 1136 867 879 691 952 753 770 472 329 159 110 0 
406 635 651 580 510 528 637 831 998 950 1042 688 805 887 533 201 707 517 711 210 459 429 296 478 509 559 674 630 0 
360 390 504 690 594 624 386 759 940 912 1251 875 1056 1146 612 337 492 385 633 189 242 353 179 567 654 805 912 853 260 0 
146 541 209 541 437 472 512 457 640 619 1187 800 1104 1239 443 357 296 80 332 236 150 104 152 421 556 853 931 844 445 305 0 
91 730 245 371 270 305 701 339 510 471 1031 651 1004 1161 270 331 430 163 220 300 340 97 267 263 409 766 823 725 492 447 190 0 
827 1489 903 517 590 568 1460 645 570 501 706 584 1010 1216 569 897 1120 903 701 990 1098 853 1002 621 606 917 862 767 1096 1173 948 759 0 
135 782 394 267 163 197 760 455 607 552 906 520 854 1010 176 211 561 290 351 257 416 180 275 142 275 614 674 579 402 439 281 151 734 0 
122 777 374 275 171 206 754 435 589 536 920 535 874 1031 181 229 545 273 330 262 406 165 273 153 290 635 694 598 416 441 268 130 732 21 0 
125 785 368 271 166 201 762 422 575 521 920 536 881 1039 175 243 543 271 318 275 411 167 283 151 292 644 700 603 431 453 271 123 720 34 15 0 
208 858 447 190 87 121 836 461 596 534 835 451 807 971 103 244 627 356 371 323 492 251 349 67 207 576 624 524 444 509 354 203 669 76 86 85 0 
240 897 462 155 51 86 875 446 572 506 810 430 804 975 61 284 650 380 366 366 527 281 390 45 191 580 620 517 484 552 386 221 625 115 121 115 43 0 
166 828 392 230 127 162 804 414 558 500 885 503 863 1026 133 265 576 305 319 314 453 206 326 115 261 630 680 580 459 494 310 148 679 59 53 43 56 76 0 
209 870 427 188 85 120 847 422 555 492 846 465 836 1004 90 282 615 345 336 348 496 249 366 79 226 609 653 550 481 532 353 186 642 92 93 85 41 35 43 0 
395 896 247 545 480 504 858 64 239 244 1180 836 1248 1423 464 641 443 330 92 601 525 378 545 492 628 1029 1063 956 802 713 409 311 704 442 421 408 458 449 407 421 0 
566 103 550 950 848 881 76 856 1036 1032 1552 1170 1371 1457 860 640 408 493 742 477 290 535 415 825 936 1120 1226 1163 571 315 439 628 1387 684 678 686 760 799 729 771 796 0 
464 1124 557 245 267 260 1095 359 390 308 789 484 931 1125 242 570 773 541 368 638 733 488 641 298 354 756 751 641 771 816 583 394 365 382 376 364 327 286 324 293 402 1022 0 
154 745 434 307 212 241 727 530 686 632 913 526 822 966 231 132 579 315 420 194 402 199 236 184 286 575 647 559 322 383 285 207 799 80 96 111 130 173 136 162 512 651 455 0 
240 823 220 411 331 360 789 187 361 329 1068 705 1098 1268 320 476 437 228 75 450 433 233 407 338 481 872 914 809 644 583 293 151 688 276 256 243 297 294 244 263 166 721 337 347 0 
280 859 553 231 171 182 844 599 734 670 787 401 696 849 196 156 708 441 504 295 530 326 357 140 173 454 519 429 349 481 416 312 747 161 182 191 139 164 186 179 593 769 437 131 430 0 
791 1151 1072 660 674 662 1157 1136 1257 1185 705 517 324 365 696 539 1188 946 1045 680 958 832 774 653 551 186 292 344 523 782 896 845 1095 697 718 730 676 691 726 714 1133 1093 904 640 970 540 0 
267 910 505 137 47 71 890 495 618 550 775 391 756 925 72 262 687 416 415 365 549 311 401 16 148 531 572 470 462 553 414 261 636 133 146 145 60 49 113 81 499 814 313 170 343 125 642 0 
64 728 288 345 242 277 702 383 551 507 1000 617 959 1114 246 282 462 190 267 264 344 94 244 230 373 719 779 683 448 423 198 50 764 105 85 81 166 191 115 157 359 627 400 157 196 265 796 225 0 
217 596 463 478 387 414 585 644 815 772 1043 663 885 1000 406 130 544 329 522 35 313 237 127 358 439 631 726 656 191 215 262 306 974 244 252 266 305 348 302 334 612 510 626 175 457 266 646 343 265 0 
789 1422 995 397 500 465 1405 860 883 800 285 188 540 745 497 710 1197 929 843 859 1072 832 914 515 393 496 410 337 871 1044 936 767 475 656 668 665 581 551 626 585 896 1329 504 678 790 564 682 523 742 830 0 
1220 1716 1484 909 984 955 1715 1430 1487 1404 399 619 279 319 995 1023 1649 1381 1382 1186 1457 1266 1271 982 835 525 426 514 1082 1330 1356 1238 1089 1093 1112 1116 1036 1026 1092 1060 1453 1645 1097 1071 1315 941 598 980 1197 1151 625 0 
