150
0 
577 0 
188 591 0 
410 666 222 0 
139 489 298 508 0 
657 82 662 720 571 0 
76 501 191 402 107 580 0 
110 471 184 384 127 550 38 0 
631 69 630 684 550 37 555 523 0 
168 525 68 257 251 597 145 128 566 0 
752 325 682 646 715 288 681 644 268 632 0 
560 220 503 508 523 238 488 451 202 448 193 0 
543 633 367 178 613 670 515 487 633 376 530 435 0 
396 422 274 250 426 472 345 309 436 240 418 260 228 0 
330 428 215 240 364 487 279 244 451 175 468 296 266 67 0 
303 404 211 272 326 466 247 211 432 161 472 292 307 99 41 0 
777 434 677 600 762 408 712 674 384 638 127 252 459 403 464 479 0 
340 311 444 613 213 391 277 266 379 380 596 422 666 443 401 360 673 0 
596 46 622 706 500 87 521 493 93 555 360 266 678 465 467 441 473 310 0 
463 136 458 532 396 204 387 353 173 393 331 158 511 292 293 267 408 266 175 0 
330 541 162 131 403 599 302 276 563 162 558 399 214 141 113 141 535 487 580 405 0 
302 647 115 115 411 710 305 292 676 166 683 521 281 266 227 244 657 543 683 511 125 0 
475 339 380 358 474 376 412 375 340 336 304 150 294 115 165 176 304 438 384 225 256 380 0 
588 217 532 534 548 224 516 479 189 478 166 30 456 288 325 321 236 439 261 173 428 550 176 0 
444 139 453 540 371 214 368 336 187 386 363 191 530 307 300 272 442 233 171 33 412 512 250 207 0 
285 295 346 498 197 377 211 187 354 278 527 339 546 323 281 240 588 120 311 201 369 435 328 362 174 0 
589 471 455 349 612 490 536 501 455 430 318 254 212 193 259 290 252 594 517 374 299 415 157 267 401 481 0 
645 86 640 689 566 40 568 536 18 576 254 200 633 440 458 440 371 396 109 185 569 683 341 185 200 370 452 0 
534 54 562 654 440 134 458 430 123 494 372 246 635 416 414 385 474 257 62 124 525 625 346 248 114 250 487 141 0 
89 508 146 355 154 585 47 43 558 98 665 474 471 309 243 214 688 309 531 386 257 258 386 503 372 228 502 570 469 0 
571 497 428 310 603 521 522 487 486 409 359 284 171 178 243 277 293 599 543 393 269 381 169 300 418 484 41 483 510 486 0 
463 321 376 368 457 361 398 361 324 329 306 140 313 120 162 168 314 416 365 204 260 383 23 168 228 307 179 326 325 374 191 0 
270 337 255 374 248 410 198 161 379 188 483 290 416 197 151 110 518 250 367 206 243 324 227 318 198 130 370 391 307 186 367 210 0 
40 554 155 376 150 632 58 83 605 129 717 526 505 357 290 264 740 335 575 435 291 270 437 555 419 267 549 619 513 52 531 425 238 0 
172 424 186 356 178 500 103 66 472 118 580 388 440 249 186 149 608 263 450 299 237 280 309 416 286 160 438 484 388 88 427 295 98 139 0 
697 272 635 614 657 244 625 588 219 583 60 137 511 377 423 424 165 537 309 272 519 643 262 109 304 468 303 207 316 612 342 261 427 663 525 0 
606 38 612 675 523 51 530 499 31 547 293 207 632 428 439 418 405 349 68 154 552 662 338 199 163 327 461 48 93 535 489 320 359 582 449 242 0 
487 327 395 376 482 362 423 385 325 351 287 133 308 132 181 190 290 438 372 217 274 398 18 159 243 330 160 326 336 398 176 25 235 449 320 245 324 0 
636 339 544 495 620 338 569 531 306 501 151 126 382 273 329 341 143 541 383 282 411 536 165 122 315 449 173 299 369 547 212 173 375 598 466 130 319 150 0 
613 155 579 600 557 149 539 503 115 520 178 96 531 351 380 370 279 420 196 162 488 607 244 76 191 362 344 109 196 532 376 233 346 583 444 121 130 228 191 0 
603 366 501 442 598 375 540 502 341 461 205 145 328 227 287 303 177 538 411 289 362 486 128 152 321 438 122 336 390 514 160 142 351 565 437 183 350 117 54 227 0 
602 63 597 651 526 69 526 494 33 533 262 174 602 403 418 399 372 362 102 142 530 642 308 164 158 329 427 43 113 528 457 292 348 576 441 209 35 294 284 95 316 0 
489 229 435 456 457 268 418 381 231 379 263 71 405 206 233 224 309 372 274 124 341 460 111 100 154 279 251 234 238 403 272 93 220 455 317 208 227 98 171 148 168 199 0 
416 593 238 85 495 644 393 368 607 251 561 426 129 172 177 215 517 571 635 461 91 159 276 452 473 452 267 611 585 347 229 287 324 378 327 529 600 293 410 519 357 574 377 0 
435 647 249 44 524 698 420 398 661 275 610 479 135 226 227 263 560 615 689 514 128 150 329 505 526 497 308 665 638 373 268 341 370 399 364 580 654 346 459 573 405 628 431 54 0 
372 232 360 446 323 303 297 262 271 295 392 200 450 222 207 176 445 246 267 99 317 416 193 225 96 144 349 282 209 292 358 171 108 342 204 334 252 192 305 241 295 239 136 382 434 0 
539 80 532 592 468 131 463 430 97 468 282 145 553 346 356 336 376 319 126 77 469 579 259 147 98 271 392 108 101 464 417 241 283 512 377 224 83 247 268 104 290 65 149 517 571 175 0 
104 560 87 307 212 636 108 109 607 70 693 505 440 309 244 225 704 376 587 434 227 202 401 535 422 290 500 618 525 67 478 392 228 69 137 641 585 415 565 571 527 575 435 313 331 336 511 0 
488 439 357 282 515 475 436 401 438 330 364 242 195 92 158 190 328 513 484 323 207 329 100 265 345 397 101 439 445 401 89 120 278 448 339 334 437 113 213 338 161 407 211 197 247 276 359 399 0 
499 143 557 678 388 214 426 404 211 489 463 325 682 456 440 406 563 186 128 180 547 634 404 332 154 218 554 229 91 446 572 382 310 484 374 407 181 396 451 286 466 204 304 617 667 235 186 507 499 0 
465 174 439 493 414 230 390 355 195 377 302 116 462 248 257 237 367 307 217 53 370 481 173 137 83 225 321 203 173 384 340 152 198 434 296 243 182 164 235 148 238 161 72 419 473 93 99 425 272 233 0 
232 392 199 330 237 465 166 129 434 133 522 331 392 189 129 90 546 285 423 261 202 271 246 360 254 168 376 445 363 144 366 232 56 196 63 469 414 257 404 394 374 402 261 288 330 162 337 177 277 363 248 0 
584 176 541 558 535 185 510 474 150 484 184 54 489 309 340 331 269 412 221 147 447 567 202 41 179 343 306 146 209 500 337 190 314 552 413 125 158 186 163 42 192 123 108 477 531 214 109 537 296 295 121 361 0 
349 269 325 410 313 337 276 239 305 261 406 213 419 191 170 139 449 262 304 134 280 379 177 240 133 150 332 315 247 266 337 156 80 317 178 350 287 180 307 266 290 273 144 347 398 37 208 306 252 270 118 130 235 0 
452 160 508 633 346 239 379 356 228 440 463 310 644 416 397 361 555 153 158 156 502 587 372 321 125 170 526 246 105 397 541 350 263 436 325 405 198 367 436 285 445 215 279 574 624 194 182 459 465 49 208 316 287 228 0 
307 269 343 476 235 349 231 202 324 274 483 294 512 286 250 210 542 158 291 162 346 423 283 318 139 46 438 338 229 240 442 262 103 284 161 425 299 285 403 322 392 297 233 425 472 98 236 297 356 214 181 151 301 106 166 0 
637 366 537 477 628 367 573 535 335 497 172 150 358 264 323 338 141 558 410 303 399 523 163 149 335 462 147 328 395 548 187 174 381 599 469 157 347 150 29 219 37 312 186 392 440 319 294 563 197 475 254 407 190 317 457 416 0 
463 140 512 629 360 219 389 364 208 444 443 291 635 408 392 358 536 172 141 139 499 587 359 301 110 178 512 225 86 405 528 337 263 445 330 385 178 353 417 265 428 194 263 568 619 187 161 465 453 48 192 317 267 222 21 169 440 0 
295 428 191 249 329 491 244 209 457 145 491 313 294 101 35 25 494 377 466 292 118 219 191 343 296 257 294 464 410 208 278 186 128 256 152 444 443 206 356 393 317 423 247 195 242 200 360 211 193 429 262 98 354 163 384 230 352 381 0 
723 413 620 545 712 398 659 621 370 582 142 214 408 346 407 424 57 633 455 372 477 600 248 203 405 542 198 359 449 634 240 260 466 685 555 158 388 236 93 258 121 353 264 461 505 399 349 648 271 535 327 493 240 400 523 497 86 504 437 0 
703 282 638 614 664 253 631 594 229 587 51 143 509 379 426 428 155 545 319 280 520 645 264 116 313 475 300 216 326 617 339 264 433 669 531 10 251 247 127 130 180 219 214 529 580 341 233 646 333 416 251 474 133 356 415 432 153 394 448 150 0 
236 599 48 174 341 667 234 222 633 96 666 493 321 251 199 204 653 476 633 464 124 70 362 523 462 371 422 642 573 188 393 360 268 202 213 621 617 378 524 574 478 600 428 193 201 367 536 134 328 576 439 213 535 330 528 362 515 530 181 596 624 0 
104 535 102 316 196 611 90 86 582 64 673 484 440 297 230 208 687 352 561 409 226 215 384 513 397 264 489 594 499 45 469 374 204 65 111 621 560 397 547 548 511 551 413 314 336 312 486 26 388 481 401 154 514 283 433 271 546 439 197 632 625 145 0 
445 542 281 157 506 587 410 380 550 277 489 362 112 123 154 195 445 555 585 414 120 222 212 386 430 434 195 552 538 368 159 226 305 406 330 460 545 229 338 457 285 517 319 72 121 344 464 345 126 579 368 280 414 311 538 401 320 531 182 389 459 242 341 0 
405 225 481 626 289 304 335 316 293 414 521 358 655 427 397 359 607 88 222 200 495 569 400 372 167 135 556 311 171 359 567 377 252 393 296 463 263 396 482 344 485 278 318 573 621 210 240 423 486 100 247 299 341 237 65 150 501 85 379 572 472 506 398 546 0 
752 425 650 573 740 405 687 650 379 612 134 235 434 376 437 454 27 656 466 392 507 630 278 221 426 567 226 367 464 663 267 289 494 714 584 162 398 265 120 270 151 364 288 490 533 424 365 678 301 551 349 522 256 427 541 522 115 522 467 30 153 626 662 417 592 0 
475 275 405 412 456 314 407 369 277 353 280 100 358 163 196 194 307 393 320 163 300 421 65 129 190 291 212 280 282 387 230 46 211 439 304 230 274 54 164 189 147 245 47 332 386 148 195 412 165 343 110 244 147 144 314 245 173 300 214 257 234 393 393 273 346 284 0 
502 715 314 92 597 762 492 472 726 347 653 537 134 293 302 339 591 692 758 585 205 204 388 561 597 574 340 728 709 445 299 402 446 467 440 629 720 405 503 632 449 693 495 125 77 507 638 398 298 742 541 407 590 472 699 548 481 693 318 538 628 266 406 176 697 565 449 0 
670 265 605 586 632 245 598 561 218 554 83 110 486 348 393 395 169 517 305 251 490 614 233 83 284 444 280 207 306 584 319 232 400 636 498 29 237 216 108 110 159 203 180 501 553 309 209 613 306 395 220 441 105 323 390 401 137 370 415 153 33 592 592 432 446 161 201 602 0 
545 112 595 705 437 173 472 448 175 527 437 317 698 475 465 434 543 236 85 187 575 668 412 319 168 262 557 192 71 489 578 391 344 529 414 383 147 403 441 264 461 175 307 640 692 259 172 549 510 50 239 399 280 295 93 253 466 84 457 519 393 612 523 598 150 534 349 765 374 0 
436 624 253 67 519 674 416 393 637 272 583 453 119 202 209 246 534 602 666 492 118 162 304 479 505 483 282 641 616 370 243 316 354 399 355 554 630 321 432 548 379 604 407 32 26 414 548 332 220 648 450 317 505 378 605 456 413 600 226 479 554 206 335 94 605 507 361 93 526 672 0 
456 454 320 247 490 495 408 373 458 295 400 268 180 65 129 164 367 504 499 331 168 290 119 292 351 385 135 460 455 371 115 135 261 416 313 367 455 135 250 363 198 426 228 162 214 274 375 365 39 503 283 254 321 246 467 346 234 457 164 310 367 290 355 94 482 340 181 270 339 518 188 0 
87 591 104 325 213 667 116 129 638 104 729 541 467 344 279 261 740 392 616 466 256 215 437 570 453 314 534 650 554 86 512 428 261 63 167 677 616 451 601 605 563 608 470 339 352 369 543 36 434 532 458 211 572 340 484 325 599 491 247 684 682 152 58 375 445 714 448 417 649 575 356 399 0 
575 598 408 239 632 628 539 508 592 407 469 391 68 220 272 312 393 663 644 484 248 334 260 409 506 543 152 591 606 497 113 281 417 536 455 455 594 271 325 485 272 562 370 175 195 434 518 475 161 660 433 401 445 406 625 506 299 614 304 344 452 366 471 130 642 368 325 202 431 671 175 160 504 0 
310 290 391 550 202 371 240 222 354 325 549 368 598 374 334 293 619 68 298 218 422 484 372 388 187 53 528 370 239 265 532 351 183 298 206 490 325 373 483 378 476 332 313 505 550 182 280 330 446 189 252 220 365 196 144 90 499 158 310 576 498 419 304 487 95 600 330 627 468 237 536 435 350 595 0 
59 602 139 360 195 680 110 132 652 137 753 564 503 376 310 290 769 386 625 481 292 249 465 593 466 318 567 665 563 95 546 456 279 52 182 701 629 479 629 625 593 622 493 374 388 386 558 67 466 535 477 232 593 359 488 334 628 497 278 713 706 187 82 410 445 743 474 452 673 580 391 432 36 540 350 0 
386 370 288 298 398 423 327 290 386 243 393 222 281 54 75 84 395 395 412 239 180 300 92 251 253 277 215 392 363 297 210 87 157 347 225 348 377 107 257 309 219 353 161 223 277 169 295 309 121 402 196 162 267 138 363 238 254 354 99 340 351 274 292 177 375 369 122 346 319 421 254 108 345 268 327 374 0 
327 451 201 217 370 509 281 248 474 167 485 316 251 74 23 59 477 418 490 316 90 206 181 345 323 298 263 481 437 242 244 180 168 287 193 441 462 198 344 402 300 441 254 156 206 229 379 237 163 462 280 141 361 193 418 269 337 414 43 420 444 181 226 140 417 450 216 281 412 488 188 129 271 262 351 304 95 0 
275 457 159 229 321 521 229 197 487 117 523 345 294 124 59 55 522 388 493 321 100 190 222 375 323 270 315 495 436 190 296 217 144 235 146 476 472 237 387 425 345 454 279 185 228 227 390 185 214 451 293 103 386 190 405 247 382 403 32 466 479 149 173 184 396 496 246 304 447 482 214 182 221 311 322 252 130 53 0 
393 434 266 237 426 484 343 308 448 235 428 272 220 12 64 100 412 449 476 303 130 255 126 300 318 329 196 452 428 307 179 132 202 353 249 388 440 144 283 364 236 415 219 160 214 232 357 304 95 466 260 190 322 199 426 293 273 418 99 355 390 242 293 113 435 385 175 282 359 486 190 65 339 215 381 371 65 68 119 0 
495 82 515 605 408 163 419 389 143 448 364 217 590 370 365 337 457 241 107 79 477 577 303 224 65 213 449 159 48 427 470 282 260 472 344 306 114 294 343 186 358 122 199 537 590 161 82 481 402 108 130 316 189 199 99 188 366 79 361 427 315 526 455 492 159 445 240 661 291 108 569 410 510 563 211 521 316 388 388 381 0 
115 592 303 525 104 674 145 181 653 278 810 617 653 490 424 391 849 311 603 497 439 417 554 643 472 299 681 669 544 184 667 539 332 150 245 752 626 564 707 656 680 628 548 528 549 419 570 218 581 490 511 309 632 404 448 335 712 463 389 798 759 351 214 552 391 826 543 616 726 540 549 553 202 681 305 171 470 425 373 488 511 0 
359 221 404 533 269 302 284 257 281 335 469 289 558 330 301 263 540 134 237 137 402 483 308 308 107 74 465 297 175 297 473 286 160 339 221 409 253 307 407 298 404 257 237 478 526 116 202 356 391 153 173 211 284 140 105 61 424 109 285 499 418 423 330 449 97 522 260 602 388 193 509 386 383 546 81 389 278 321 304 338 139 372 0 
87 494 175 383 125 573 22 23 546 126 665 473 494 324 258 226 694 283 515 376 281 287 393 501 359 208 516 559 453 29 501 380 183 60 86 610 522 405 551 526 521 517 403 372 400 285 454 95 415 425 378 148 496 262 377 225 554 386 223 640 616 217 74 389 336 669 390 472 583 470 396 386 110 518 241 110 307 260 208 322 412 166 279 0 
392 298 498 663 262 374 330 320 367 433 600 436 709 483 446 405 686 54 289 278 535 595 468 450 245 166 625 385 244 363 633 446 295 388 316 542 336 467 559 423 560 355 393 618 663 276 319 430 549 161 324 334 420 297 140 197 578 161 423 649 551 528 405 598 79 670 419 740 525 208 649 542 446 702 113 439 434 464 436 490 238 356 160 336 0 
522 85 561 663 422 160 447 421 154 493 405 275 653 431 423 393 507 232 79 142 534 629 367 279 124 237 512 171 33 461 533 346 307 503 383 349 123 358 399 229 418 146 262 597 649 217 132 519 465 59 194 363 240 254 79 222 424 62 417 480 359 575 493 554 144 496 304 722 338 45 629 473 547 626 220 554 377 446 442 442 63 525 164 443 214 0 
21 590 174 396 160 670 90 121 643 161 758 567 534 394 328 303 780 359 611 474 321 286 477 595 457 301 587 657 549 93 567 466 278 41 180 704 619 490 639 623 605 614 496 406 422 382 551 93 486 516 474 236 592 358 469 321 639 479 294 725 710 222 98 438 422 755 480 488 676 562 424 453 71 568 328 39 387 324 271 391 509 132 374 98 411 537 0 
237 505 101 211 306 572 205 179 539 69 580 403 311 176 114 111 578 404 540 370 98 146 278 432 369 292 363 548 481 160 340 274 178 197 145 534 523 294 443 481 401 506 336 189 220 273 442 139 263 488 345 126 443 237 441 277 437 441 90 521 537 94 133 209 424 551 304 296 504 522 214 227 172 339 343 206 187 102 58 169 433 343 337 184 455 484 230 0 
118 471 168 365 146 549 53 20 521 109 634 442 468 292 227 194 661 279 494 350 257 275 361 470 335 192 484 534 432 37 470 347 152 86 54 579 498 372 519 497 488 491 371 348 379 257 427 99 383 410 349 115 467 232 361 203 522 369 192 608 585 205 73 361 325 637 358 453 552 453 373 355 122 489 231 131 274 229 178 291 390 198 260 33 333 424 126 160 0 
368 218 374 476 306 293 292 259 265 308 411 223 485 258 238 204 472 211 248 94 345 439 229 246 80 116 386 277 188 293 395 207 119 341 207 352 242 228 335 251 328 235 164 414 465 37 171 343 313 203 109 175 229 68 160 72 350 154 227 428 360 386 318 379 172 452 182 539 329 230 446 311 374 471 149 388 204 260 252 267 141 405 79 282 239 191 380 294 256 0 
524 707 337 117 615 751 510 488 714 365 630 522 105 287 303 342 564 699 751 579 216 232 375 545 593 580 315 716 703 464 273 391 451 488 452 608 710 391 481 618 427 682 483 128 90 505 629 420 281 740 533 416 576 471 698 552 458 692 323 512 607 289 426 165 700 538 437 35 583 761 98 256 441 172 633 476 341 284 313 276 656 638 604 490 746 718 511 310 469 539 0 
335 272 320 415 296 343 261 225 312 254 422 229 430 202 177 143 467 246 305 139 284 379 195 256 134 133 349 323 247 254 353 174 68 304 166 365 292 198 325 278 308 280 161 354 404 40 215 296 267 263 130 122 249 18 220 89 335 215 166 418 372 328 272 322 224 445 162 479 339 291 386 260 330 420 179 347 152 199 191 211 199 388 127 248 283 251 344 235 219 61 479 0 
194 396 211 373 181 473 122 84 445 144 559 367 447 246 187 147 592 242 422 273 250 302 297 395 259 135 431 457 360 113 423 281 77 163 28 504 422 306 450 420 423 415 296 339 378 179 350 165 334 347 271 57 390 155 298 134 454 303 154 540 510 236 139 336 270 568 286 454 477 387 367 311 194 458 183 208 217 196 154 247 316 258 194 107 294 355 203 162 78 180 465 141 0 
212 502 93 233 281 571 179 154 539 46 592 411 336 194 130 119 594 386 535 368 123 159 292 440 364 276 384 548 475 134 362 287 169 172 124 543 521 308 457 486 417 506 342 214 244 270 441 116 283 478 347 114 448 234 430 265 453 431 101 537 547 98 108 234 410 567 313 319 514 513 239 249 150 364 326 183 200 121 71 189 428 318 325 158 438 477 206 26 135 288 334 230 144 0 
110 560 295 515 72 642 123 157 621 262 779 586 637 466 401 367 821 281 572 465 423 409 527 613 440 267 657 637 512 166 644 511 303 139 219 722 594 536 678 624 653 596 518 513 536 388 538 208 557 460 480 282 601 374 417 303 684 432 366 769 728 342 200 533 360 797 514 606 696 509 535 530 197 662 274 169 445 404 352 465 480 32 341 145 327 494 130 326 175 373 626 358 230 300 0 
136 469 149 338 174 545 79 47 517 86 618 427 440 266 201 169 641 295 495 344 229 252 339 456 331 201 459 529 433 47 444 327 141 99 45 565 495 351 500 487 467 486 357 320 351 248 422 92 358 416 339 96 455 221 368 205 501 374 165 587 570 182 66 333 335 616 340 426 537 458 345 329 122 461 243 138 251 202 151 265 389 224 265 57 349 427 140 132 28 252 441 209 73 107 202 0 
183 412 298 490 78 494 119 115 473 239 638 447 575 372 315 275 689 158 425 318 373 405 408 472 292 119 552 488 365 155 547 390 182 177 136 580 445 415 548 478 529 448 382 464 500 247 390 222 458 319 336 185 457 240 274 156 557 287 283 641 587 335 200 464 223 667 384 575 555 367 491 437 235 586 130 228 338 325 281 374 331 181 192 127 211 348 202 280 131 228 589 222 129 257 149 153 0 
12 564 189 410 130 644 64 99 619 164 741 549 540 389 322 295 768 328 584 451 326 303 466 577 432 273 582 632 521 80 564 453 259 35 162 686 594 478 626 602 594 590 479 414 433 360 527 103 481 486 453 222 572 338 440 295 628 450 288 714 692 236 100 441 392 743 465 501 659 533 434 450 90 571 298 66 377 321 268 386 482 115 346 76 380 509 31 232 107 356 523 324 183 207 107 127 171 0 
619 78 652 739 519 96 545 518 112 584 380 296 710 498 499 473 496 323 33 207 612 714 417 290 202 334 548 126 90 557 575 398 397 600 477 331 93 405 411 222 441 127 306 668 721 298 158 614 517 137 250 453 249 335 174 317 439 159 497 480 341 663 588 618 235 490 352 791 329 88 699 531 642 676 317 650 445 523 525 509 137 622 261 540 297 98 635 570 520 278 783 336 449 565 591 522 446 607 0 
176 462 326 532 38 544 135 148 525 275 700 510 628 432 373 334 753 177 471 376 422 438 472 534 349 176 615 541 412 181 608 454 246 184 189 642 497 479 612 538 593 502 446 513 545 310 446 243 519 356 398 244 518 305 315 217 621 330 339 705 649 368 225 519 256 732 449 620 617 406 539 497 247 643 173 231 400 381 335 434 382 134 245 151 225 392 197 325 167 289 635 287 186 301 104 194 64 166 489 0 
576 316 487 452 561 330 510 472 295 443 198 96 356 220 272 282 202 491 362 239 360 485 108 106 271 394 161 291 339 487 194 114 316 539 406 162 302 92 60 182 51 268 119 367 418 251 239 506 172 415 189 344 145 250 395 348 68 377 299 151 162 469 488 298 436 179 106 469 134 410 392 205 542 305 431 570 200 289 329 230 307 647 356 492 512 367 579 386 459 282 450 268 390 400 619 440 490 566 392 554 0 
601 121 650 754 492 155 528 505 169 582 437 340 739 520 514 484 551 286 78 228 625 721 449 337 214 318 588 184 104 545 612 429 398 585 470 387 146 438 459 274 485 179 340 687 740 308 196 605 548 103 277 453 297 345 149 309 486 140 508 532 397 666 579 642 203 544 385 811 383 56 719 559 631 709 292 636 466 537 534 531 150 593 249 526 254 91 618 575 509 282 807 343 443 567 563 514 422 589 59 459 435 0 
25 555 200 420 116 636 57 94 611 172 738 545 548 392 325 296 766 315 574 443 333 314 465 573 424 263 584 625 512 82 568 453 255 44 159 683 585 477 624 596 593 582 475 422 443 355 520 113 483 475 448 220 567 333 429 287 627 440 290 713 689 247 107 447 381 742 463 512 655 522 442 453 103 577 287 80 378 324 272 389 473 106 337 73 367 499 45 238 105 349 533 319 179 213 95 127 159 14 597 152 565 578 0 
399 693 211 40 505 749 398 383 713 256 683 541 215 281 265 293 640 623 732 557 152 97 392 568 564 510 388 719 678 351 350 401 390 367 362 650 703 410 532 633 480 680 487 123 83 469 620 298 319 697 521 342 591 432 652 492 515 649 269 584 651 165 310 196 641 613 444 112 622 727 107 284 313 278 561 346 327 242 246 269 629 514 550 380 674 686 383 219 365 497 143 435 381 238 506 340 493 400 764 531 488 777 411 0 
296 350 246 336 291 417 229 191 384 184 458 269 367 147 104 65 483 299 385 214 205 299 185 298 214 178 323 394 327 208 317 170 50 260 125 406 367 195 341 336 311 352 198 280 328 118 287 237 228 342 193 64 300 81 297 146 344 294 87 430 411 250 215 256 294 458 180 404 377 372 311 211 272 367 231 295 108 123 110 152 279 369 198 211 342 332 300 156 179 142 407 81 112 154 342 160 230 286 416 292 281 423 284 355 0 
514 651 332 131 592 692 491 465 656 348 569 462 50 234 260 300 504 660 695 525 189 239 316 485 541 540 253 657 649 445 212 332 411 476 423 546 652 331 419 558 365 624 425 98 89 456 572 410 220 690 478 380 516 422 650 509 396 642 284 451 545 285 412 111 656 478 379 87 521 709 79 197 434 117 593 470 288 242 279 224 603 626 559 470 706 665 502 287 446 490 62 432 433 312 611 418 559 511 728 610 388 753 520 167 364 0 
114 529 289 506 41 611 106 136 590 251 749 557 621 444 380 345 793 253 541 434 409 404 500 583 409 236 634 606 481 152 622 484 276 135 196 692 563 509 650 594 626 565 489 499 525 358 507 202 535 430 449 258 571 345 387 272 657 401 345 742 699 335 190 516 330 769 486 596 666 479 522 508 196 644 243 173 420 384 333 444 448 63 309 127 301 463 135 311 155 343 616 328 204 285 31 183 118 107 560 76 591 533 93 500 316 597 0 
552 90 595 698 448 151 478 453 153 527 415 298 686 465 458 428 522 251 64 175 569 665 398 299 159 267 541 170 53 493 563 377 342 534 416 361 124 388 421 243 442 153 291 632 684 252 153 552 497 65 225 398 259 289 102 255 447 89 452 499 371 610 526 587 163 513 334 756 353 22 663 506 579 658 247 585 411 481 477 476 96 551 196 475 226 35 568 519 457 226 752 287 389 512 520 460 376 540 72 417 392 56 529 721 367 699 489 0 
461 212 419 459 422 261 388 352 225 360 294 101 423 212 227 212 346 333 255 93 338 453 133 128 120 241 282 231 213 377 300 112 191 428 289 237 216 124 209 160 205 192 38 384 437 100 134 412 232 273 40 236 124 112 245 196 225 230 236 302 244 416 390 330 281 326 70 504 211 279 414 243 447 393 275 468 161 250 268 224 171 516 199 374 355 234 469 323 344 126 496 128 267 326 485 331 346 450 288 410 157 317 446 488 176 439 456 265 0 
505 78 513 592 425 153 429 397 126 447 333 185 569 352 353 327 425 268 114 60 465 570 279 192 62 229 422 141 67 433 443 258 259 480 348 275 102 269 311 155 327 100 172 521 575 155 52 484 378 140 107 315 157 191 131 198 335 111 352 395 284 521 459 473 189 412 215 645 260 135 553 389 515 539 233 528 299 376 380 363 32 528 156 420 268 91 518 428 396 141 638 194 321 424 496 393 347 492 147 401 276 170 484 618 272 583 465 119 146 0 
290 366 232 320 293 433 225 188 399 171 467 279 355 138 91 50 488 311 401 230 189 282 187 308 230 190 320 409 343 201 312 174 61 253 122 415 383 198 346 348 315 367 209 265 313 134 302 226 223 358 207 59 312 97 313 160 348 310 71 434 420 234 205 244 308 463 187 389 387 388 296 203 262 357 243 286 105 109 94 142 295 367 214 207 355 348 293 140 174 158 392 97 112 139 341 154 234 280 432 296 286 440 279 339 16 350 316 383 189 288 0 
483 540 322 189 538 580 445 414 543 315 464 349 95 134 179 220 412 575 585 417 160 262 204 372 435 455 160 545 541 404 122 220 327 443 361 438 541 219 313 445 259 511 313 107 149 355 461 384 107 587 369 308 403 324 549 420 293 540 210 357 437 282 379 41 561 385 267 191 411 603 122 86 414 94 507 450 187 169 217 127 496 588 464 424 617 558 476 246 395 391 173 337 365 271 568 367 493 478 617 550 278 645 484 228 277 113 550 591 329 475 266 0 
165 535 59 255 254 607 147 132 576 10 642 458 378 248 184 170 647 387 565 403 164 160 345 488 397 287 437 586 504 100 415 338 199 127 127 593 557 360 510 530 470 544 389 252 274 305 479 64 337 498 387 143 494 271 450 284 506 453 154 591 597 90 63 281 422 621 362 345 564 537 273 302 97 411 333 131 252 175 125 242 458 276 345 128 440 503 157 75 114 318 364 265 152 54 262 92 245 162 594 279 452 592 170 252 195 349 251 537 370 458 182 320 0 
623 101 662 756 518 120 549 523 138 595 405 321 732 517 516 488 522 317 55 225 628 728 439 316 216 338 572 152 103 563 598 419 408 605 485 357 118 427 437 248 466 153 329 686 739 312 181 622 539 131 270 464 275 350 173 324 464 160 512 506 367 675 596 638 231 516 374 809 355 81 717 552 649 699 317 656 463 539 539 528 151 621 267 545 287 103 639 583 527 290 803 349 458 577 590 530 447 610 26 487 417 38 600 780 429 748 559 71 309 165 446 638 604 0 
388 615 205 51 476 669 372 350 633 227 600 458 167 199 189 222 560 570 655 481 83 115 309 484 490 453 311 638 603 325 274 318 327 352 317 566 624 326 450 550 397 600 405 45 48 396 541 284 237 628 442 285 508 359 584 429 433 580 200 504 567 158 289 116 578 533 361 123 538 655 49 200 307 219 505 343 246 167 183 187 555 502 485 352 619 613 376 173 331 426 138 365 331 197 489 304 452 387 688 497 405 704 396 84 287 128 478 648 408 541 271 152 227 705 0 
561 282 484 464 540 298 493 455 263 435 198 62 379 224 270 275 223 460 327 205 365 489 109 77 238 367 192 260 304 473 223 108 296 525 390 153 269 92 82 153 86 235 89 381 433 223 205 497 190 380 156 330 114 226 361 321 98 343 293 176 156 469 477 313 403 201 86 487 124 375 407 219 533 332 402 559 196 288 325 235 272 628 326 476 480 332 566 382 444 253 470 244 372 394 599 426 466 551 358 531 35 401 549 500 266 409 571 357 127 242 273 297 445 383 416 0 
664 444 545 452 670 446 605 568 414 513 228 225 311 273 338 361 149 620 489 373 394 514 196 227 404 517 103 406 471 575 144 214 422 625 503 227 426 189 108 298 83 391 251 369 411 375 370 582 188 548 322 439 268 368 528 471 79 511 371 97 222 516 568 297 569 123 227 442 211 542 385 226 617 247 557 648 279 347 396 279 440 748 486 585 643 499 664 448 553 409 415 386 492 467 721 530 603 656 517 667 134 564 656 491 380 355 696 523 288 409 381 263 521 543 413 168 0 
617 219 562 560 575 215 544 507 183 507 140 59 476 315 354 351 221 459 262 193 455 578 202 29 226 386 281 176 255 532 316 195 347 583 445 82 196 184 124 67 162 162 129 477 529 252 156 564 287 342 162 390 48 268 335 343 152 315 372 194 89 552 542 411 389 209 158 585 58 326 504 316 599 427 410 622 279 374 404 327 237 670 330 530 468 287 624 461 499 271 568 284 423 470 640 485 498 606 289 560 122 339 602 594 327 506 610 305 156 205 338 395 517 315 511 98 231 0 
518 721 330 108 612 766 507 487 729 362 650 539 126 299 311 349 585 704 763 591 218 222 391 562 604 585 335 731 715 460 294 405 457 483 453 627 724 407 500 634 446 697 498 134 90 515 643 415 298 750 546 419 592 480 707 559 478 701 329 533 626 282 422 179 707 559 452 17 601 772 103 272 434 194 638 468 352 290 316 287 668 633 612 487 751 729 504 310 467 548 22 488 467 333 622 440 589 518 796 634 468 818 528 129 414 82 612 763 509 651 399 191 361 815 137 487 436 585 0 
575 81 564 614 504 106 499 466 70 501 254 142 566 366 382 363 356 352 125 112 493 607 272 136 134 308 395 77 119 498 423 255 316 548 411 198 67 258 258 77 286 37 162 537 591 208 36 544 371 209 126 370 95 240 211 272 285 190 388 333 207 565 520 481 272 346 209 656 187 187 567 390 577 527 316 593 316 404 419 378 112 606 238 489 350 152 587 471 462 207 646 248 385 472 574 456 426 563 155 482 237 201 556 643 318 587 543 166 155 84 332 475 511 180 563 203 363 139 660 0 
239 465 134 244 289 532 194 163 499 84 550 369 325 159 93 78 555 370 499 329 120 187 252 398 328 255 351 508 440 154 333 245 137 198 117 502 483 267 417 444 378 466 300 210 248 232 402 151 250 448 306 87 407 196 401 237 413 400 61 498 506 134 138 217 386 528 271 325 473 481 238 218 186 345 306 217 160 89 36 155 392 338 297 173 420 443 236 41 144 253 336 194 130 42 317 116 254 232 529 304 359 534 236 255 115 306 299 478 285 387 100 251 93 542 201 352 431 428 337 432 0 
390 396 280 274 411 447 335 298 410 241 404 240 255 28 66 88 398 418 438 265 160 282 100 268 279 299 202 415 389 302 193 101 176 351 236 361 402 117 264 329 221 377 183 198 252 195 319 308 104 429 221 174 287 164 389 261 258 381 97 342 364 261 293 150 400 372 141 320 332 448 229 86 344 244 350 374 27 81 124 39 342 479 303 314 458 404 390 180 282 230 314 176 230 196 455 257 354 382 471 415 208 492 384 304 126 262 431 438 186 325 120 161 249 489 223 208 274 296 326 340 157 0 
584 565 425 274 631 591 543 510 555 417 425 354 111 210 268 307 348 648 610 455 263 361 230 370 479 530 108 553 575 503 70 252 406 544 454 411 558 240 281 446 229 526 338 202 230 412 485 486 136 633 403 397 407 387 600 490 255 588 302 298 408 385 481 144 622 323 294 245 388 642 207 145 517 45 580 552 252 263 314 207 534 687 527 522 685 597 578 348 492 449 216 402 454 373 666 465 581 579 643 640 265 678 584 313 356 158 646 628 363 508 348 104 422 666 247 293 201 386 238 492 349 231 0 
163 415 226 407 131 494 87 57 468 162 600 407 492 295 235 196 638 219 436 300 290 327 345 434 281 130 481 482 374 98 472 329 120 139 53 543 443 354 495 453 470 439 338 380 416 212 377 161 384 348 305 107 426 194 300 145 501 308 202 586 550 258 136 382 262 614 331 492 517 392 407 360 184 506 169 189 266 243 198 296 333 212 200 79 272 364 176 197 63 205 505 178 50 175 183 77 84 151 461 138 436 448 144 412 160 476 156 396 306 342 162 412 169 467 369 416 540 462 506 412 170 280 503 0 
299 610 112 112 398 673 292 275 638 148 644 482 261 227 189 207 621 517 647 474 87 39 342 511 477 407 381 645 590 245 348 345 292 264 255 604 625 359 498 569 449 605 421 134 138 380 542 195 292 602 443 241 528 343 555 392 486 554 182 563 606 64 204 191 539 593 383 203 575 634 144 254 215 309 457 250 261 167 154 216 542 414 451 273 569 595 285 115 257 404 226 344 275 132 403 232 385 298 678 423 447 686 309 108 263 223 395 630 415 533 247 231 145 693 95 451 479 539 219 569 154 244 333 304 0 
237 360 238 376 215 435 164 127 406 169 517 324 433 221 168 127 552 239 388 233 248 317 260 352 221 122 400 418 326 155 394 243 35 205 67 461 384 268 409 377 384 375 254 333 376 137 310 201 305 320 229 47 347 112 272 106 415 275 140 501 468 256 176 321 253 529 246 453 434 358 363 286 233 438 174 249 186 182 149 224 281 297 167 149 287 323 245 172 120 142 461 99 43 158 269 111 152 226 416 215 350 413 221 389 77 424 241 358 225 283 83 347 179 425 331 331 455 380 465 345 134 202 431 86 287 0 
654 272 585 562 620 259 583 546 230 535 98 97 463 326 372 375 165 512 313 246 467 591 211 73 279 435 257 220 310 567 296 210 385 619 482 52 247 194 86 117 136 212 165 478 529 297 211 595 283 397 210 424 103 309 390 391 115 370 394 141 53 571 574 408 443 154 182 579 24 380 503 316 630 408 461 655 297 391 426 337 292 713 381 567 522 342 660 484 536 319 559 325 461 495 683 520 544 643 339 607 111 391 640 599 360 497 653 359 198 260 369 388 544 365 515 102 191 55 577 192 453 310 365 503 553 419 0 
464 683 277 56 559 733 453 433 696 308 635 511 135 261 266 302 580 653 725 551 166 171 361 536 563 535 327 699 675 406 287 374 408 429 401 608 689 378 484 606 430 663 465 90 39 472 607 361 275 706 509 368 563 436 662 510 464 657 281 526 607 229 368 150 660 553 420 39 581 730 59 244 381 201 588 415 313 244 266 249 627 579 565 433 702 687 451 256 413 503 61 443 415 280 568 387 536 464 758 580 447 777 474 85 367 85 558 722 473 612 351 171 307 776 84 463 430 560 54 626 285 288 240 453 166 415 557 0 
555 432 429 345 572 455 499 463 419 400 305 217 228 160 226 253 258 549 477 330 279 400 112 234 358 437 45 417 446 467 66 134 328 515 400 283 423 115 155 310 101 390 208 261 307 305 352 469 72 510 277 337 270 288 482 394 133 468 260 201 281 400 456 188 511 231 168 348 258 514 280 111 504 176 483 536 175 233 283 165 407 644 420 479 580 470 554 334 447 341 326 305 392 354 619 422 510 547 509 574 129 547 549 384 282 264 595 499 238 379 279 159 407 533 303 157 116 251 345 357 319 165 136 441 364 359 234 331 0 
724 362 637 582 701 340 656 618 314 593 78 183 457 366 422 432 72 604 402 338 503 627 257 165 371 521 245 302 402 636 286 264 459 687 553 96 334 242 93 207 141 300 244 497 544 380 304 656 302 490 299 492 196 387 483 476 105 464 449 65 88 616 638 425 536 65 249 584 97 471 518 339 692 395 551 719 349 437 479 375 385 791 471 639 615 434 728 536 607 405 559 405 535 550 761 588 626 714 425 690 150 480 712 620 428 498 732 450 281 353 435 397 602 451 538 163 152 148 580 284 509 356 350 579 590 494 93 568 238 0 
434 322 350 354 430 368 370 332 332 301 332 159 313 105 138 141 343 395 366 198 241 362 45 188 219 284 198 335 322 345 206 29 182 397 266 285 326 54 202 248 170 299 102 276 329 152 244 364 126 373 150 204 206 134 338 240 203 327 159 289 289 336 346 220 361 318 59 394 256 385 305 133 400 287 329 427 63 158 191 117 277 510 268 351 428 340 437 249 319 189 385 151 253 260 483 298 363 425 399 427 142 426 424 385 141 329 456 373 111 256 145 219 311 419 303 134 241 216 399 262 218 81 262 300 324 215 235 364 154 292 0 
468 223 552 696 345 293 400 384 291 484 540 393 719 491 465 427 636 132 206 240 565 640 454 403 209 206 609 308 170 427 623 432 322 459 366 483 260 449 519 363 529 284 363 642 690 270 261 492 544 80 291 370 368 300 84 220 541 102 448 606 493 577 467 611 71 623 397 766 470 121 673 544 512 703 162 511 438 485 466 500 179 443 164 403 92 138 486 495 393 234 768 289 341 481 413 405 285 456 209 310 479 163 443 711 362 722 385 141 328 211 377 624 493 197 648 445 612 416 776 286 456 464 681 331 610 323 471 729 564 564 419 0 
341 386 247 281 359 444 283 247 409 199 435 258 293 70 42 39 440 374 425 251 155 268 137 287 259 254 255 416 372 253 245 130 127 302 184 388 397 152 302 340 264 376 193 215 267 167 314 264 156 402 215 121 300 132 359 219 299 353 56 385 392 235 247 183 363 415 159 340 359 425 247 135 300 290 306 329 45 65 88 75 324 428 267 263 416 383 342 146 231 199 339 140 178 157 403 207 302 333 458 363 244 474 334 307 77 292 379 418 185 311 68 201 208 474 230 237 323 316 348 339 115 52 280 227 230 151 339 305 216 394 103 430 0 
389 267 344 400 361 327 318 280 292 284 363 171 389 164 161 140 401 308 306 132 274 384 130 200 143 199 286 300 255 303 294 108 120 355 216 309 279 131 259 236 241 259 101 330 383 64 196 336 212 293 97 161 201 50 255 154 268 246 164 351 314 342 314 286 274 378 95 454 281 311 362 211 371 370 242 393 110 185 195 174 207 450 180 302 339 268 395 248 271 102 450 68 196 251 421 256 289 378 339 354 201 357 374 426 100 398 392 302 76 192 113 294 294 356 349 178 318 229 461 223 210 136 348 239 346 154 265 420 241 341 88 333 119 0 
523 115 573 685 416 183 450 426 182 505 438 309 681 457 446 413 541 217 97 172 555 646 398 313 151 239 545 199 66 467 565 376 323 507 392 383 152 389 434 263 452 177 294 621 673 239 166 527 495 32 225 377 275 276 71 231 458 62 437 515 392 590 501 580 130 530 335 746 372 22 653 502 553 656 215 558 403 468 461 468 95 519 171 447 193 34 539 501 430 210 743 271 364 492 488 435 345 511 106 385 401 79 500 706 351 691 457 34 265 124 367 586 515 102 635 366 533 322 753 185 460 430 628 369 613 336 376 711 502 469 369 109 406 294 0 
510 553 348 203 565 590 473 441 553 343 460 356 80 157 205 246 401 599 598 433 186 284 214 378 453 479 149 554 556 431 108 233 352 471 388 437 552 228 310 452 256 522 325 126 161 375 473 411 115 605 383 334 410 346 568 443 288 559 237 347 436 307 406 66 582 374 279 193 412 620 136 102 441 67 531 477 207 195 244 150 512 615 486 451 640 575 503 274 423 412 171 359 391 299 596 395 520 506 631 576 279 660 511 243 302 109 578 607 344 490 292 28 347 652 172 301 251 399 190 486 279 182 78 439 255 372 388 179 155 391 234 645 225 313 603 0 
541 182 613 741 422 238 472 453 245 545 508 384 748 522 505 470 614 210 152 244 610 695 469 388 219 269 618 261 140 495 637 447 371 530 428 454 217 461 509 335 526 246 367 681 732 300 241 559 565 66 297 423 349 335 108 272 533 114 492 589 464 634 533 644 137 604 407 806 445 71 713 569 581 726 232 582 468 526 514 532 169 521 212 473 170 109 559 549 460 267 805 328 402 537 491 469 358 529 146 387 475 92 517 760 406 756 462 93 337 199 422 653 554 129 692 441 608 395 815 258 509 494 699 398 663 379 450 770 575 542 438 78 467 359 75 671 0 
390 237 363 433 350 301 317 280 268 300 367 174 425 200 193 167 415 278 275 100 305 411 161 200 108 175 318 277 221 307 328 139 121 359 220 310 252 160 275 225 263 235 107 365 417 32 171 347 247 257 77 171 193 41 219 129 287 209 192 368 316 365 324 322 239 394 116 489 283 276 396 248 381 406 214 400 146 216 221 210 173 443 147 303 307 232 399 271 273 68 486 56 196 271 413 262 275 379 307 339 219 323 374 457 117 434 383 267 73 160 132 331 310 323 382 193 343 228 496 201 231 172 383 234 374 154 270 455 273 351 122 297 151 36 258 350 322 0 
579 125 553 588 518 139 504 469 103 492 218 100 531 339 361 347 314 380 170 122 471 588 238 92 151 323 354 103 161 499 383 224 314 549 411 160 108 223 214 41 242 74 132 509 563 207 64 541 336 249 116 364 51 234 246 284 241 225 371 289 169 551 517 450 303 303 178 626 146 231 539 357 574 489 338 593 292 384 403 351 146 618 258 492 382 193 589 457 464 214 614 246 386 460 587 455 440 567 199 499 194 246 561 619 308 554 556 210 135 115 322 442 503 224 537 161 319 95 629 44 419 315 452 418 550 344 149 597 317 242 234 324 320 209 227 451 301 194 0 
751 497 628 521 756 486 692 654 457 599 228 288 366 358 424 448 111 697 540 443 475 592 281 282 475 598 177 447 530 662 212 298 508 711 589 248 474 273 162 344 161 439 326 442 479 455 429 668 271 613 394 526 322 451 597 552 140 579 457 90 240 598 654 371 641 95 308 500 241 601 454 309 703 299 637 734 365 432 482 364 504 834 563 672 718 560 751 533 639 488 471 469 578 553 808 616 688 742 566 752 207 617 743 561 466 414 782 581 364 473 467 334 606 592 487 238 87 278 493 416 517 361 255 626 558 541 228 494 199 154 326 681 410 401 595 318 670 423 372 0 
424 155 459 571 334 237 349 321 217 391 422 255 577 350 333 299 505 174 172 97 440 531 306 269 64 140 460 233 110 360 475 283 207 403 281 363 189 301 379 246 384 195 217 509 560 128 145 417 398 107 145 262 240 162 67 120 399 59 322 468 372 474 391 472 103 489 249 634 345 137 541 399 445 558 138 453 296 355 345 359 74 437 66 343 181 102 439 385 323 95 633 156 253 376 406 325 257 412 197 308 334 191 402 591 236 583 374 136 181 96 252 482 401 205 521 301 467 287 642 179 344 322 533 264 497 221 341 598 416 434 271 148 294 188 116 501 173 152 206 539 0 
349 321 459 631 218 399 288 279 389 395 610 438 684 461 420 379 689 19 317 282 504 559 456 455 248 139 612 406 266 322 618 434 269 345 279 551 358 456 558 434 555 373 389 589 633 264 332 389 532 191 323 302 427 281 161 176 575 181 395 650 560 491 365 573 96 672 411 710 532 240 619 522 404 681 87 397 414 436 405 468 253 314 152 295 43 239 368 421 292 229 717 265 259 402 285 310 169 337 328 182 508 289 324 640 317 679 258 256 351 281 329 594 402 321 587 477 637 475 721 364 387 437 666 234 534 256 528 671 568 619 414 130 393 326 222 618 209 296 393 715 188 0 
202 454 353 556 63 536 162 173 518 301 702 514 649 449 391 351 760 159 460 375 444 464 483 537 347 176 629 535 402 207 624 465 259 211 209 643 489 489 619 537 602 496 451 535 569 315 443 270 535 342 400 262 519 313 303 219 630 319 359 712 651 394 251 539 242 738 457 644 620 392 562 514 274 662 165 258 415 401 356 451 376 152 241 178 204 381 223 349 192 291 659 294 205 325 123 218 77 193 476 27 562 444 179 556 307 632 98 404 414 396 312 569 304 473 521 537 678 562 658 478 326 431 658 157 448 229 610 605 587 695 438 291 380 362 371 596 369 345 497 762 302 162 0 
510 439 379 299 534 471 457 421 434 352 347 236 200 113 180 210 307 526 484 327 229 350 102 256 351 411 80 434 447 423 73 123 295 470 359 319 435 112 196 331 143 404 211 214 262 286 359 421 22 505 275 297 290 264 472 369 178 460 215 250 319 350 410 142 496 280 166 310 293 514 236 60 456 159 459 489 138 185 236 117 405 602 402 436 561 469 508 285 404 323 291 280 353 306 578 379 476 502 517 538 159 550 505 337 246 229 555 499 234 380 242 119 359 539 255 180 166 277 309 368 272 123 129 403 314 323 269 289 50 283 135 553 176 222 499 121 570 257 332 249 405 545 553 0 
505 486 360 256 542 520 458 424 483 341 394 286 150 117 180 216 345 553 531 369 202 317 146 307 391 435 98 483 491 420 68 166 313 465 365 369 483 159 243 381 189 452 257 172 217 320 406 411 46 545 318 306 340 294 510 396 223 499 214 289 368 326 402 99 529 318 211 260 342 556 191 52 444 115 485 478 158 178 230 116 448 603 433 437 591 511 501 272 406 357 240 308 363 295 581 379 489 498 563 549 209 595 502 295 262 179 559 543 278 424 255 70 347 585 215 231 198 328 259 417 267 137 94 412 283 338 319 241 90 328 172 589 187 256 541 71 610 292 381 275 443 572 566 51 0 
262 315 316 469 186 395 187 160 371 248 530 340 521 301 256 215 585 146 334 210 341 405 315 364 187 30 466 386 272 201 466 295 105 242 130 471 345 319 444 370 429 344 276 425 469 140 284 262 378 245 228 139 349 139 197 48 456 204 231 538 479 341 236 410 165 564 283 546 447 288 455 364 287 521 81 293 258 272 242 307 233 286 97 182 194 261 277 262 165 120 553 121 105 246 255 171 108 250 358 170 388 345 241 481 155 514 224 293 240 245 166 432 257 363 424 363 507 390 558 321 226 279 510 103 377 93 436 507 423 520 270 236 232 189 266 457 298 170 332 590 162 164 175 394 415 0 
489 441 358 282 516 476 437 402 439 331 364 243 194 93 160 191 328 515 486 324 207 329 101 266 347 398 100 440 446 403 87 121 280 449 340 334 438 114 213 339 161 408 212 197 246 278 361 400 2 501 273 279 297 254 466 357 197 455 194 271 334 329 389 126 487 301 166 297 307 511 220 39 435 160 447 468 123 164 216 96 403 583 392 417 551 466 487 264 385 315 280 269 336 285 559 359 459 482 518 521 173 550 485 319 230 219 536 498 233 379 225 107 338 540 237 190 188 288 297 372 251 106 135 385 293 307 283 274 72 302 128 546 158 214 496 114 566 249 337 270 399 534 536 22 45 380 0 
770 368 688 638 740 334 700 663 313 643 46 217 511 419 474 482 83 630 404 364 558 682 309 194 397 556 299 299 413 682 341 314 502 734 598 97 337 293 146 218 197 305 284 553 600 417 320 705 357 504 331 538 218 428 502 511 161 482 499 109 88 669 686 481 558 94 295 639 113 480 574 394 741 449 581 768 400 489 530 429 403 832 501 684 637 446 775 587 652 439 614 445 579 600 802 635 664 759 425 727 201 482 757 676 474 553 773 458 318 371 482 452 652 451 594 209 203 171 634 295 559 409 403 621 644 537 121 623 293 55 342 580 444 383 480 446 551 390 256 189 458 645 731 339 383 557 357 0 
270 607 83 140 373 672 266 252 637 124 656 489 289 238 193 205 637 500 642 471 103 43 352 518 471 392 401 645 584 219 370 353 281 236 237 613 623 369 511 573 463 604 425 161 167 375 541 168 309 591 443 228 533 338 544 379 500 544 181 579 616 35 178 215 525 610 389 231 584 625 173 271 186 336 441 221 267 173 150 228 536 385 440 248 552 587 257 103 234 397 254 337 258 115 376 210 363 270 673 399 458 679 281 132 258 252 368 623 417 529 241 255 120 686 124 460 497 546 248 569 144 252 358 284 29 273 562 194 381 603 330 596 233 345 604 280 651 371 552 577 488 516 425 331 303 361 310 657 0 
379 615 194 52 468 670 364 342 634 218 606 461 177 201 188 220 568 565 655 480 80 105 313 488 489 448 319 639 602 317 283 321 323 342 310 571 625 330 456 553 404 601 407 55 56 395 542 275 243 626 442 280 511 358 581 425 440 578 197 511 572 147 280 124 575 540 364 130 543 653 59 206 297 229 500 333 248 166 179 189 554 492 482 343 614 612 366 165 323 424 147 363 325 189 480 296 445 377 688 490 410 703 387 80 284 138 469 647 409 541 268 161 218 704 11 420 421 515 144 564 195 225 257 362 85 327 520 91 310 545 306 645 230 349 633 181 690 381 539 495 519 582 514 262 223 419 243 600 113 0 
