76
0 
15 0 
23 24 0 
26 13 26 0 
33 20 42 18 0 
16 9 16 12 26 0 
40 28 29 16 30 23 0 
40 27 34 14 25 25 7 0 
37 34 15 31 49 26 26 32 0 
48 40 28 31 48 33 19 26 16 0 
54 43 39 32 45 38 16 20 30 15 0 
32 25 15 19 37 17 15 21 12 16 24 0 
42 28 42 17 17 29 19 12 43 38 31 31 0 
53 40 43 28 38 37 14 14 36 24 11 28 22 0 
40 26 46 20 8 31 29 22 50 47 42 38 11 33 0 
14 18 9 24 38 12 32 35 24 36 45 21 41 46 43 0 
25 18 12 15 33 10 18 22 17 23 30 7 30 32 35 14 0 
36 40 16 42 58 33 41 47 17 33 47 26 57 53 62 23 27 0 
48 34 41 21 29 32 12 8 38 28 18 27 13 9 24 43 29 54 0 
45 32 55 30 13 39 39 33 60 58 52 48 21 43 11 50 45 71 34 0 
24 15 39 22 13 24 37 34 49 53 53 39 28 48 21 33 33 55 39 22 0 
10 16 32 29 30 22 44 43 46 55 60 39 42 57 38 24 32 46 50 40 18 0 
13 25 20 35 45 23 45 47 34 48 57 33 51 59 51 13 27 28 55 57 36 21 0 
26 34 14 39 53 28 44 48 25 40 53 29 56 57 58 16 26 13 55 66 48 36 16 0 
42 42 19 40 58 34 36 42 10 23 38 22 54 46 60 28 26 11 48 70 58 52 36 23 0 
31 21 20 12 30 14 10 14 20 20 24 8 24 24 30 22 8 34 21 41 33 36 35 34 30 0 
35 21 36 10 14 22 17 11 38 35 31 26 7 24 12 34 24 51 16 23 24 36 44 49 48 18 0 
14 10 32 21 20 18 37 35 44 50 53 35 33 49 28 24 28 48 42 31 9 9 27 39 51 31 27 0 
30 16 36 11 7 21 24 19 42 42 39 30 13 33 10 33 26 52 24 18 15 29 41 48 52 23 9 20 0 
21 7 29 9 13 13 25 22 37 40 41 26 21 36 19 24 21 45 29 26 13 21 32 40 46 20 14 13 9 0 
55 50 33 43 61 42 32 39 18 13 26 25 51 36 61 41 32 30 42 71 64 63 52 41 18 32 48 60 54 51 0 
31 30 8 29 47 22 28 34 7 22 35 13 44 40 49 17 14 13 40 59 46 40 27 18 12 20 38 39 40 34 25 0 
8 10 17 20 30 9 32 33 30 40 46 24 36 46 36 9 17 32 41 43 24 16 15 24 36 23 29 16 26 17 47 24 0 
33 20 29 7 21 18 10 7 31 28 25 19 13 21 20 29 17 44 14 31 28 36 41 43 41 11 8 28 14 16 41 31 26 0 
43 31 34 18 30 27 5 5 30 22 15 20 17 10 27 37 23 46 7 38 39 47 49 49 40 15 16 39 24 27 35 33 36 11 0 
34 24 48 27 10 32 40 35 56 58 55 45 26 48 16 42 40 64 39 13 10 28 47 57 65 38 24 20 16 19 70 54 34 30 40 0 
39 26 49 25 7 33 36 30 56 55 50 44 20 42 9 44 40 65 33 6 16 34 51 60 65 36 20 25 14 20 68 54 37 27 35 8 0 
51 41 33 31 47 35 16 22 22 7 8 19 34 17 45 40 26 39 23 55 53 57 52 46 30 21 33 51 40 40 19 28 43 26 18 56 53 0 
39 35 17 29 47 26 22 29 4 12 25 10 41 32 48 26 16 21 34 58 49 47 37 29 14 18 36 44 40 36 16 11 31 28 27 55 54 18 0 
29 25 10 21 39 16 20 25 10 19 29 5 35 33 41 17 7 22 32 51 40 37 29 24 19 12 30 34 33 27 26 9 21 22 25 47 46 23 10 0 
11 26 29 38 43 27 50 51 44 56 64 41 53 64 50 21 34 39 59 54 32 15 11 26 47 41 46 23 41 32 62 37 18 44 54 43 48 60 47 38 0 
11 24 32 37 40 27 50 51 46 58 65 42 51 64 48 23 35 42 58 51 29 11 15 30 50 41 45 20 39 30 64 40 19 44 54 39 45 61 48 39 4 0 
7 21 26 33 39 23 46 47 41 53 60 37 49 60 46 18 30 38 54 50 29 12 10 26 45 37 42 19 37 28 59 35 14 40 50 39 44 56 43 34 4 5 0 
26 27 3 27 44 18 29 34 12 26 38 14 43 42 48 12 13 14 41 56 42 35 22 15 16 20 37 35 38 31 30 5 20 30 34 50 51 32 15 9 32 35 29 0 
29 15 33 7 11 17 20 16 38 37 35 26 13 30 13 30 22 49 22 23 18 29 39 45 47 18 6 21 4 8 50 36 24 10 21 20 18 36 36 28 40 38 36 34 0 
35 22 30 9 22 20 8 5 30 26 23 18 13 19 21 31 18 44 13 32 30 38 42 44 40 11 9 31 16 18 39 31 28 2 9 32 28 24 28 22 46 46 42 31 12 0 
29 18 42 21 7 25 35 30 50 52 50 39 23 44 15 36 34 58 35 16 6 24 41 51 59 32 20 15 11 13 64 47 28 25 35 6 10 51 49 40 38 35 34 44 15 27 0 
26 13 36 14 7 20 29 25 44 46 45 33 20 39 14 31 27 52 30 19 9 23 38 47 53 26 15 14 6 7 58 41 23 19 30 13 13 45 43 34 36 34 32 38 9 21 6 0 
19 27 11 33 47 21 40 44 25 40 51 26 50 53 52 9 22 18 51 59 41 29 10 7 26 30 43 32 42 33 42 18 17 38 45 50 53 45 28 22 21 24 19 13 39 39 44 40 0 
35 37 13 37 54 28 36 41 11 27 41 21 51 47 57 21 22 6 48 66 52 44 28 15 8 28 46 45 48 41 26 8 29 38 40 60 61 34 16 16 39 42 37 10 44 39 54 48 18 0 
18 15 10 16 32 6 24 27 20 29 37 13 33 38 36 9 6 26 34 45 30 26 21 22 28 14 26 24 26 19 37 16 10 21 28 38 39 32 21 11 28 29 24 12 23 22 32 26 17 22 0 
36 22 34 9 18 21 13 7 35 31 27 23 9 21 16 33 22 48 13 27 27 38 44 47 45 15 4 29 12 16 44 35 29 4 12 28 24 29 33 27 47 46 42 34 9 5 23 18 42 43 25 0 
48 36 36 24 37 32 9 12 29 17 8 21 23 7 34 40 26 46 11 44 45 53 53 50 39 18 23 46 31 33 31 33 40 18 7 47 42 12 25 26 59 59 54 35 27 16 42 37 47 40 32 19 0 
49 34 46 23 24 35 19 13 45 37 27 34 8 17 18 46 34 60 9 27 36 50 57 60 55 26 14 41 21 28 50 47 43 17 15 34 27 32 42 38 60 59 56 47 20 16 31 28 55 54 38 13 20 0 
49 51 27 49 67 43 45 51 19 30 45 31 63 54 69 36 35 14 56 79 66 59 42 27 9 39 58 60 61 55 22 21 44 50 49 74 74 37 22 28 53 56 51 25 57 50 68 62 32 15 36 54 47 64 0 
16 30 25 40 49 28 51 53 39 53 63 39 57 64 56 19 33 31 61 61 40 23 6 18 41 41 50 30 46 37 57 32 20 46 55 50 55 58 42 35 10 14 12 27 44 48 45 42 14 32 27 50 59 63 45 0 
43 29 48 22 12 33 27 21 50 46 39 38 9 30 4 45 36 63 21 13 25 41 54 60 61 31 12 32 13 22 60 50 39 20 25 20 13 43 48 42 54 52 50 49 15 21 19 18 54 58 38 16 32 14 70 59 0 
42 34 24 25 43 27 14 21 14 6 16 10 33 22 42 31 17 31 25 53 47 49 43 37 23 14 30 44 36 34 18 19 34 22 18 52 49 9 10 14 51 52 48 22 32 21 46 40 36 25 24 26 15 33 32 49 41 0 
64 51 53 38 46 48 24 24 44 30 15 37 30 11 41 56 42 62 18 50 57 67 69 66 53 34 34 59 42 47 41 49 56 31 21 56 50 23 40 42 75 74 70 52 39 29 53 48 64 56 48 31 17 23 60 75 37 30 0 
46 36 59 36 18 43 48 42 67 66 62 55 31 53 20 54 51 76 44 10 22 39 58 69 76 48 31 31 25 30 79 65 45 39 47 12 12 64 66 57 54 50 50 62 30 40 18 23 62 71 49 35 54 37 85 62 23 61 60 0 
21 20 42 30 24 28 46 43 54 60 62 45 39 57 32 34 38 57 49 31 11 12 33 47 61 40 34 10 26 21 70 49 25 37 48 18 26 61 54 44 26 22 24 45 28 39 17 19 40 54 34 37 54 47 69 36 36 54 67 28 0 
8 8 27 21 25 14 36 35 39 47 51 31 35 49 32 18 24 42 43 36 16 8 21 33 46 28 29 6 23 14 56 34 10 28 39 26 30 49 40 30 18 16 14 29 22 30 21 18 25 39 19 30 45 43 54 25 36 41 59 38 15 0 
8 16 15 25 36 14 36 38 30 41 49 26 42 50 42 6 19 28 46 49 29 18 9 18 34 26 35 21 32 23 47 23 6 32 40 39 43 45 32 22 15 17 12 18 30 33 34 29 11 26 13 35 44 48 41 15 45 36 60 51 29 14 0 
18 30 40 42 43 34 57 57 55 66 72 50 56 70 51 32 43 51 64 52 30 14 23 39 59 49 49 23 43 35 73 49 26 49 60 39 46 69 57 47 12 9 14 43 43 52 36 37 33 51 37 51 66 63 65 22 55 60 81 49 21 21 25 0 
56 46 38 35 50 40 20 25 26 11 7 24 37 18 48 45 31 43 25 58 57 62 57 51 34 26 36 56 44 45 20 33 48 30 21 60 56 5 22 28 65 66 61 36 40 28 55 49 50 38 37 32 14 34 40 63 46 14 21 67 66 54 50 74 0 
61 51 45 39 52 45 23 27 34 18 7 30 37 16 48 51 37 51 25 59 60 67 64 58 41 31 38 60 46 48 26 40 53 33 22 62 57 12 30 35 71 72 67 43 43 31 57 52 56 45 43 34 15 33 47 69 46 21 15 68 69 59 56 79 7 0 
30 18 24 7 24 14 9 10 25 25 25 13 18 23 25 25 12 39 18 35 29 35 37 38 36 6 13 28 17 16 37 25 23 5 13 33 31 24 23 17 41 41 37 25 13 6 27 21 33 33 16 10 18 22 45 43 25 19 33 42 37 27 28 48 28 32 0 
19 7 21 7 21 5 21 21 29 33 36 18 24 34 26 17 12 37 28 34 21 23 27 33 37 13 17 17 16 9 44 26 13 14 24 28 28 34 28 19 31 30 26 23 12 16 22 16 26 33 11 17 29 30 46 33 28 27 45 39 27 15 18 36 39 43 11 0 
33 26 50 31 17 34 46 41 60 63 61 49 33 54 23 43 43 66 46 19 11 26 46 58 68 43 30 19 22 23 74 56 35 36 46 7 15 62 59 50 40 36 37 53 26 38 11 17 51 63 41 34 53 41 77 49 27 57 63 14 14 26 40 35 66 68 38 31 0 
46 35 58 34 16 42 45 39 65 64 58 53 27 49 16 53 49 75 40 6 23 40 59 69 74 45 28 32 23 29 76 63 45 36 43 12 9 61 63 55 55 51 51 60 27 37 17 22 62 70 48 32 50 33 84 62 19 58 56 4 30 38 51 51 64 65 40 38 16 0 
41 31 55 33 16 39 46 40 63 64 60 52 30 52 19 49 47 71 43 11 17 34 53 64 72 45 29 26 22 26 76 61 41 36 45 7 10 62 62 54 49 45 45 57 27 38 13 19 57 67 45 33 52 37 81 57 23 58 60 5 23 33 46 44 66 67 40 35 9 8 0 
40 34 21 27 45 26 18 25 9 8 21 9 37 27 45 28 16 26 30 55 48 48 40 33 18 15 33 44 38 35 16 15 32 25 22 53 51 13 5 11 49 50 45 18 34 24 47 41 32 20 22 29 20 37 27 45 45 5 35 63 54 40 34 59 18 25 21 27 58 61 60 0 
5 9 22 21 28 12 35 35 35 44 50 28 37 48 35 13 21 37 42 40 20 11 16 28 41 26 30 11 25 16 52 29 5 28 38 30 34 47 36 26 17 16 12 25 24 30 25 21 21 34 15 30 43 43 49 21 38 38 59 42 20 5 9 22 51 57 25 14 30 42 37 37 0 
18 7 31 16 15 16 32 29 41 46 47 31 27 43 22 25 25 48 36 27 8 16 30 40 50 26 21 6 13 7 57 38 17 22 34 17 21 47 41 32 28 26 24 34 14 25 11 8 33 44 22 23 40 34 58 34 26 40 53 29 15 10 22 29 51 55 23 13 19 29 24 40 14 0 
23 12 21 5 23 8 16 17 26 29 32 15 22 30 26 19 10 36 25 35 24 28 30 34 35 9 15 22 16 11 40 24 16 10 20 30 30 30 25 16 34 34 30 22 12 12 24 18 28 31 11 14 25 27 45 36 27 23 40 41 31 20 21 41 34 39 7 4 34 39 37 24 18 17 0 
25 15 20 7 25 9 14 16 24 26 29 12 23 28 27 19 8 35 23 37 27 30 31 33 33 6 16 25 18 14 37 22 18 10 18 33 32 27 22 14 36 36 32 21 14 11 27 21 28 30 11 14 23 27 42 37 28 20 38 43 34 22 22 43 32 36 5 7 37 41 40 21 21 20 3 0 
