76
0 
1118 0 
3621 2926 0 
3891 3360 700 0 
5206 4556 1629 1369 0 
4884 4049 1368 1628 1115 0 
4650 3684 1628 2163 2014 906 0 
4975 3950 2193 2746 2512 1401 583 0 
6248 5393 2700 2789 1624 1364 1860 2000 0 
6408 5640 2789 2700 1363 1625 2343 2594 700 0 
8009 7204 4398 4308 2950 3155 3697 3763 1843 1617 0 
7803 6894 4307 4397 3153 2950 3228 3129 1615 1841 1118 0 
8500 7517 5168 5361 4207 3804 3850 3585 2595 2960 2144 1164 0 
8664 7650 5441 5686 4592 4092 4031 3700 2968 3397 2665 1657 522 0 
9414 8502 5900 5941 4637 4553 4827 4682 3200 3276 1838 1611 1390 1746 0 
9522 8661 5941 5900 4552 4638 5033 4965 3276 3200 1611 1838 1991 2404 700 0 
9031 8298 5413 5202 3841 4281 4912 5020 3054 2662 1280 2284 3050 3553 2127 1512 0 
9408 8727 5814 5536 4203 4763 5449 5597 3607 3140 1913 2948 3703 4200 2693 2025 667 0 
6180 5766 3002 2421 1698 2811 3712 4200 2864 2247 3273 3967 5128 5597 5111 4793 3609 3700 0 
5561 5092 2290 1733 1053 2162 3050 3563 2460 1953 3273 3779 4912 5348 5088 4863 3850 4052 716 0 
3833 4200 3572 3100 4162 4726 5197 5766 5769 5489 6961 7313 8363 8727 8745 8563 7528 7650 3950 3707 0 
3050 3688 3963 3669 4915 5264 5561 6091 6452 6276 7822 8047 9031 9350 9551 9433 8500 8674 4992 4650 1193 0 
1931 2860 4209 4150 5507 5576 5645 6100 6886 6850 8456 8501 9374 9629 10074 10050 9285 9541 5961 5494 2550 1433 0 
4750 5344 5022 4539 5531 6159 6647 7216 7152 6821 8223 8659 9737 10119 10037 9804 8668 8713 5060 4951 1450 1700 3032 0 
4366 4750 3991 3465 4415 5072 5602 6178 6037 5703 7115 7541 8620 9005 8924 8702 7595 7670 3988 3842 550 1562 2982 1118 0 
6792 6806 4750 4050 4073 5138 5972 6525 5464 4867 5767 6564 7728 8207 7574 7156 5774 5627 2622 3046 3260 4443 5799 3621 2926 0 
7403 7464 5450 4750 4739 5816 6659 7208 6082 5464 6255 7108 8271 8760 8032 7574 6144 5930 3221 3700 3758 4915 6308 3891 3360 700 0 
8291 8194 5818 5139 4750 5865 6760 7259 5816 5138 5590 6566 7703 8214 7259 6727 5236 4914 3062 3711 4880 6068 7407 5206 4556 1629 1369 0 
7410 7224 4740 4074 3635 4750 5645 6145 4739 4073 4681 5592 6747 7249 6428 5954 4517 4311 1949 2597 4270 5457 6711 4884 4049 1368 1628 1115 0 
6647 6394 3842 3185 2746 3860 4750 5259 3946 3309 4140 4950 6114 6600 5951 5549 4209 4136 1092 1700 3798 4951 6109 4650 3684 1628 2163 2014 906 0 
6524 6178 3489 2873 2247 3360 4261 4750 3371 2728 3588 4373 5538 6021 5411 5036 3747 3741 550 1237 3988 5093 6158 4975 3950 2193 2746 2512 1401 583 0 
8488 8176 5464 4867 4071 5137 6039 6462 4750 4050 4161 5210 6304 6824 5727 5162 3655 3297 2462 3176 5581 6757 7958 6248 5393 2700 2789 1624 1364 1860 2000 0 
8985 8731 6082 5464 4738 5815 6720 7151 5450 4750 4815 5880 6959 7480 6320 5727 4216 3791 3092 3808 5886 7076 8336 6408 5640 2789 2700 1363 1625 2343 2594 700 0 
10286 9915 7110 6566 5593 6567 7438 7782 5883 5213 4750 5868 6801 7315 5881 5211 3784 3189 4150 4837 7414 8595 9801 8009 7204 4398 4308 2950 3155 3697 3763 1843 1617 0 
9588 9128 6256 5768 4680 5591 6439 6751 4816 4163 3632 4750 5691 6207 4815 4161 2698 2140 3409 4042 7026 8174 9284 7803 6894 4307 4397 3153 2950 3228 3129 1615 1841 1118 0 
9737 9155 6231 5849 4603 5343 6114 6338 4341 3772 2840 3930 4750 5252 3748 3070 1700 1061 3702 4209 7573 8668 9661 8500 7517 5168 5361 4207 3804 3850 3585 2595 2960 2144 1164 0 
9638 9005 6080 5748 4453 5107 5836 6021 4022 3500 2413 3476 4253 4750 3227 2548 1209 550 3741 4176 7670 8733 9666 8664 7650 5441 5686 4592 4092 4031 3700 2968 3397 2665 1657 522 0 
11029 10490 7574 7156 5953 6727 7504 7725 5727 5162 4159 5209 5911 6388 4750 4050 2926 2261 4897 5471 8622 9760 10835 9414 8502 5900 5941 4637 4553 4827 4682 3200 3276 1838 1611 1390 1746 0 
11416 10928 8032 7574 6427 7259 8062 8310 6320 5727 4813 5879 6605 7085 5450 4750 3602 2935 5242 5860 8823 9984 11116 9522 8661 5941 5900 4552 4638 5033 4965 3276 3200 1611 1838 1991 2404 700 0 
11536 11187 8390 7842 6871 7835 8698 9027 7100 6444 5838 6948 7800 8301 6754 6060 4750 4103 5423 6114 8548 9737 10984 9031 8298 5413 5202 3841 4281 4912 5020 3054 2662 1280 2284 3050 3553 2127 1512 0 
12092 11774 9003 8442 7503 8480 9349 9685 7764 7104 6502 7611 8451 8950 7383 6687 5402 4750 6021 6720 9005 10197 11474 9408 8727 5814 5536 4203 4763 5449 5597 3607 3140 1913 2948 3703 4200 2693 2025 667 0 
9793 9783 7501 6817 6444 7558 8455 8950 7447 6757 7024 8061 9165 9685 8566 7974 6462 6021 4750 5408 6178 7325 8726 6180 5766 3002 2421 1698 2811 3712 4200 2864 2247 3273 3967 5128 5597 5111 4793 3609 3700 0 
9081 9067 6807 6119 5794 6909 7800 8305 6866 6185 6569 7573 8698 9214 8184 7622 6114 5728 4111 4750 5489 6647 8039 5561 5092 2290 1733 1053 2162 3050 3563 2460 1953 3273 3779 4912 5348 5088 4863 3850 4052 716 0 
8509 8950 7748 7087 7481 8460 9205 9783 8975 8411 9331 10135 11298 11774 11124 10675 9242 9005 6178 6518 4750 5492 6864 3833 4200 3572 3100 4162 4726 5197 5766 5769 5489 6961 7313 8363 8727 8745 8563 7528 7650 3950 3707 0 
7800 8360 7536 6921 7524 8412 9081 9664 9095 8592 9676 10383 11536 11988 11503 11110 9737 9572 6427 6647 4220 4750 6041 3050 3688 3963 3669 4915 5264 5561 6091 6452 6276 7822 8047 9031 9350 9551 9433 8500 8674 4992 4650 1193 0 
6587 7252 6850 6308 7135 7891 8457 9035 8754 8336 9595 10171 11293 11710 11433 11116 9843 9775 6328 6393 3319 3569 4750 1931 2860 4209 4150 5507 5576 5645 6100 6886 6850 8456 8501 9374 9629 10074 10050 9285 9541 5961 5494 2550 1433 0 
9500 10050 9081 8438 8899 9856 10577 11158 10411 9855 10780 11584 12748 13222 12569 12112 10670 10415 7625 7951 5886 6450 7732 4750 5344 5022 4539 5531 6159 6647 7216 7152 6821 8223 8659 9737 10119 10037 9804 8668 8713 5060 4951 1450 1700 3032 0 
9055 9500 8271 7605 7959 8954 9712 10288 9430 8852 9719 10551 11715 12197 11495 11026 9574 9307 6610 6980 5300 6033 7398 4366 4750 3991 3465 4415 5072 5602 6178 6037 5703 7115 7541 8620 9005 8924 8702 7595 7670 3988 3842 550 1562 2982 1118 0 
11147 11367 9500 8800 8698 9801 10668 11201 9876 9205 9607 10618 11741 12258 11183 10595 9083 8640 7061 7645 7322 8301 9729 6792 6806 4750 4050 4073 5138 5972 6525 5464 4867 5767 6564 7728 8207 7574 7156 5774 5627 2622 3046 3260 4443 5799 3621 2926 0 
11815 12052 10200 9500 9390 10494 11364 11895 10551 9876 10238 11262 12377 12895 11783 11183 9673 9209 7747 8337 7985 8942 10367 7403 7464 5450 4750 4739 5816 6659 7208 6082 5464 6255 7108 8271 8760 8032 7574 6144 5930 3221 3700 3758 4915 6308 3891 3360 700 0 
12470 12596 10496 9802 9500 10615 11509 12009 10495 9801 9946 11018 12087 12609 11358 10720 9231 8704 7809 8459 8685 9727 11159 8291 8194 5818 5139 4750 5865 6760 7259 5816 5138 5590 6566 7703 8214 7259 6727 5236 4914 3062 3711 4880 6068 7407 5206 4556 1629 1369 0 
11449 11537 9391 8699 8385 9500 10394 10894 9390 8698 8887 9948 11031 11553 10346 9722 8222 7720 6695 7345 7697 8774 10204 7410 7224 4740 4074 3635 4750 5645 6145 4739 4073 4681 5592 6747 7249 6428 5954 4517 4311 1949 2597 4270 5457 6711 4884 4049 1368 1628 1115 0 
10577 10645 8485 7793 7494 8608 9500 10004 8533 7845 8107 9150 10250 10770 9625 9021 7512 7046 5808 6450 6853 7951 9376 6647 6394 3842 3185 2746 3860 4750 5259 3946 3309 4140 4950 6114 6600 5951 5549 4209 4136 1092 1700 3798 4951 6109 4650 3684 1628 2163 2014 906 0 
10271 10288 8041 7355 6994 8108 9005 9500 7991 7299 7531 8579 9675 10195 9043 8438 6929 6464 5300 5958 6610 7740 9152 6524 6178 3489 2873 2247 3360 4261 4750 3371 2728 3588 4373 5538 6021 5411 5036 3747 3741 550 1237 3988 5093 6158 4975 3950 2193 2746 2512 1401 583 0 
12255 12237 9876 9205 8697 9800 10706 11165 9500 8800 8738 9839 10857 11378 10024 9364 7907 7339 7004 7698 8610 9738 11152 8488 8176 5464 4867 4071 5137 6039 6462 4750 4050 4161 5210 6304 6824 5727 5162 3655 3297 2462 3176 5581 6757 7958 6248 5393 2700 2789 1624 1364 1860 2000 0 
12865 12875 10551 9876 9389 10494 11399 11861 10200 9500 9427 10531 11542 12062 10690 10024 8578 8001 7694 8385 9181 10290 11712 8985 8731 6082 5464 4738 5815 6720 7151 5450 4750 4815 5880 6959 7480 6320 5727 4216 3791 3092 3808 5886 7076 8336 6408 5640 2789 2700 1363 1625 2343 2594 700 0 
13878 13778 11264 10621 9949 11019 11921 12333 10533 9841 9500 10618 11534 12043 10532 9840 8493 7861 8298 9011 10325 11475 12874 10286 9915 7110 6566 5593 6567 7438 7782 5883 5213 4750 5868 6801 7315 5881 5211 3784 3189 4150 4837 7414 8595 9801 8009 7204 4398 4308 2950 3155 3697 3763 1843 1617 0 
12965 12815 10240 9609 8888 9947 10845 11247 9429 8740 8382 9500 10419 10929 9428 8739 7380 6752 7255 7970 9506 10677 12052 9588 9128 6256 5768 4680 5591 6439 6751 4816 4163 3632 4750 5691 6207 4815 4161 2698 2140 3409 4042 7026 8174 9284 7803 6894 4307 4397 3153 2950 3228 3129 1615 1841 1118 0 
12748 12500 9801 9208 8355 9368 10250 10611 8723 8051 7527 8640 9500 10001 8443 7747 6450 5802 6800 7512 9481 10670 11997 9737 9155 6231 5849 4603 5343 6114 6338 4341 3772 2840 3930 4750 5252 3748 3070 1700 1061 3702 4209 7573 8668 9661 8500 7517 5168 5361 4207 3804 3850 3585 2595 2960 2144 1164 0 
12483 12197 9458 8881 7980 8974 9849 10195 8286 7622 7047 8158 9001 9500 7931 7234 5952 5300 6464 7170 9307 10499 11801 9638 9005 6080 5748 4453 5107 5836 6021 4022 3500 2413 3476 4253 4750 3227 2548 1209 550 3741 4176 7670 8733 9666 8664 7650 5441 5686 4592 4092 4031 3700 2968 3397 2665 1657 522 0 
14134 13890 11183 10595 9721 10720 11595 11940 10024 9364 8737 9839 10634 11122 9500 8800 7598 6935 8184 8893 10832 12018 13358 11029 10490 7574 7156 5953 6727 7504 7725 5727 5162 4159 5209 5911 6388 4750 4050 2926 2261 4897 5471 8622 9760 10835 9414 8502 5900 5941 4637 4553 4827 4682 3200 3276 1838 1611 1390 1746 0 
14667 14456 11783 11183 10345 11357 12238 12594 10690 10024 9426 10530 11332 11821 10200 9500 8294 7632 8782 9495 11291 12469 13829 11416 10928 8032 7574 6427 7259 8062 8310 6320 5727 4813 5879 6605 7085 5450 4750 3602 2935 5242 5860 8823 9984 11116 9522 8661 5941 5900 4552 4638 5033 4965 3276 3200 1611 1838 1991 2404 700 0 
15158 15052 12514 11877 11171 12230 13127 13524 11689 11004 10566 11682 12550 13051 11482 10784 9500 8851 9535 10250 11601 12748 14149 11536 11187 8390 7842 6871 7835 8698 9027 7100 6444 5838 6948 7800 8301 6754 6060 4750 4103 5423 6114 8548 9737 10984 9031 8298 5413 5202 3841 4281 4912 5020 3054 2662 1280 2284 3050 3553 2127 1512 0 
15782 15691 13170 12530 11835 12895 13793 14191 12356 11671 11226 12341 13201 13700 12120 11421 10151 9500 10195 10910 12197 13336 14744 12092 11774 9003 8442 7503 8480 9349 9685 7764 7104 6502 7611 8451 8950 7383 6687 5402 4750 6021 6720 9005 10197 11474 9408 8727 5814 5536 4203 4763 5449 5597 3607 3140 1913 2948 3703 4200 2693 2025 667 0 
14098 14258 12193 11498 11193 12308 13203 13700 12159 11463 11536 12623 13669 14191 12875 12220 10753 10195 9500 10154 10288 11293 12723 9793 9783 7501 6817 6444 7558 8455 8950 7447 6757 7024 8061 9165 9685 8566 7974 6462 6021 4750 5408 6178 7325 8726 6180 5766 3002 2421 1698 2811 3712 4200 2864 2247 3273 3967 5128 5597 5111 4793 3609 3700 0 
13384 13551 11513 10817 10543 11658 12550 13053 11548 10854 10987 12064 13127 13649 12377 11733 10250 9712 8855 9500 9573 10577 12008 9081 9067 6807 6119 5794 6909 7800 8305 6866 6185 6569 7573 8698 9214 8184 7622 6114 5728 4111 4750 5489 6647 8039 5561 5092 2290 1733 1053 2162 3050 3563 2460 1953 3273 3779 4912 5348 5088 4863 3850 4052 716 0 
13238 13700 12346 11660 11820 12881 13695 14258 13150 12509 13070 14038 15182 15691 14701 14131 12620 12197 10288 10786 9500 10199 11526 8509 8950 7748 7087 7481 8460 9205 9783 8975 8411 9331 10135 11298 11774 11124 10675 9242 9005 6178 6518 4750 5492 6864 3833 4200 3572 3100 4162 4726 5197 5766 5769 5489 6961 7313 8363 8727 8745 8563 7528 7650 3950 3707 0 
12550 13088 11958 11290 11585 12607 13384 13957 12997 12385 13084 14000 15158 15656 14783 14247 12748 12375 10140 10577 8906 9500 10773 7800 8360 7536 6921 7524 8412 9081 9664 9095 8592 9676 10383 11536 11988 11503 11110 9737 9572 6427 6647 4220 4750 6041 3050 3688 3963 3669 4915 5264 5561 6091 6452 6276 7822 8047 9031 9350 9551 9433 8500 8674 4992 4650 1193 0 
11322 11922 11012 10367 10799 11772 12502 13083 12287 11712 12560 13408 14572 15055 14319 13829 12357 12049 9470 9833 7788 8280 9500 6587 7252 6850 6308 7135 7891 8457 9035 8754 8336 9595 10171 11293 11710 11433 11116 9843 9775 6328 6393 3319 3569 4750 1931 2860 4209 4150 5507 5576 5645 6100 6886 6850 8456 8501 9374 9629 10074 10050 9285 9541 5961 5494 2550 1433 0 
16269 16886 15891 15227 15529 16554 17328 17902 16927 16306 16940 17887 19038 19543 18594 18030 16520 16102 14066 14517 12748 13235 14422 11548 12209 11473 10846 11352 12295 12997 13580 12870 12314 13219 14038 15202 15679 14995 14521 13060 12770 10083 10411 8143 8533 9683 6866 7622 7474 6965 7858 8570 9095 9667 9481 9085 10374 10924 12037 12444 12210 11905 10645 10584 7114 7152 3905 3946 4965 0 
17937 17994 15687 15014 14485 15579 16485 16925 15179 14483 14190 15308 16220 16727 15190 14494 13174 12536 12799 13499 14182 15239 16671 13798 13700 11189 10544 9876 10948 11849 12262 10465 9774 9440 10558 11478 11988 10481 9790 8438 7808 8223 8937 10245 11395 12794 10207 9835 7030 6486 5514 6490 7362 7707 5811 5139 4690 5808 6748 7262 5838 5170 3737 3147 4070 4757 7341 8521 9725 9200 0 
18831 18784 16304 15658 14981 16041 16939 17335 15489 14808 14310 15419 16237 16727 15102 14402 13196 12536 13337 14051 15173 16281 17705 14942 14723 12039 11443 10591 11596 12474 12823 10910 10248 9619 10719 11503 11988 10353 9653 8472 7808 9038 9750 11577 12756 14114 11707 11216 8318 7863 6710 7533 8330 8571 6577 5993 5041 6095 6790 7262 5606 4906 3812 3147 5534 6150 9108 10270 11406 11100 1900 0 
18986 18924 16420 15779 15080 16134 17029 17418 15559 14880 14352 15458 16260 16747 15110 14410 13224 12562 13444 14159 15345 16460 17881 15136 14900 12195 11607 10730 11723 12596 12935 11008 10353 9681 10774 11535 12015 10365 9666 8516 7850 9196 9906 11801 12983 14335 11954 11448 8542 8100 6928 7727 8512 8737 6740 6170 5158 6192 6845 7308 5627 4931 3909 3250 5788 6394 9392 10551 11678 11400 2200 300 0 
10468 9361 7865 8285 7431 6665 6255 5737 5858 6411 5820 4799 3677 3158 4533 5229 6600 7209 8655 8317 11385 11816 11807 12823 11736 11277 11858 11365 10381 9695 9112 9981 10633 10384 9294 8269 7751 9266 9965 11287 11916 12842 12369 14820 14948 14538 16261 15263 15414 16053 15755 14705 13927 13351 14494 15171 15064 13958 12976 12463 14011 14710 16011 16647 17322 16792 18835 18773 18123 22674 19723 19602 19600 0 
3606 3640 6471 6976 8080 7379 6766 6799 8618 9003 10461 9928 10279 10268 11470 11762 11649 12142 9393 8708 7433 6561 5224 8238 7960 10353 10983 11799 10854 10032 9816 11815 12370 13542 12724 12669 12472 14031 14502 14817 15409 13351 12636 12052 11264 9963 12956 12594 14752 15418 16071 15042 14164 13841 15812 16435 17392 16443 16140 15836 17530 18094 18668 19302 17703 16989 16745 15995 14709 19602 21526 22379 22525 11100 0 
3716 3829 6690 7179 8305 7625 7027 7072 8875 9250 10718 10199 10562 10556 11746 12032 11900 12387 9592 8912 7527 6622 5261 8287 8048 10491 11113 11955 11022 10210 10006 12004 12551 13742 12937 12900 12710 14258 14722 15015 15603 13492 12777 12111 11300 9982 12987 12650 14849 15511 16186 15164 14291 13977 15954 16571 17548 16608 16322 16024 17712 18271 18826 19457 17809 17095 16787 16020 14722 19600 21652 22525 22674 11400 300 0 
